
[MeshData]

ボーン番号 : 15

ボーン名 : {  }

オフセット行列 : 
{ -0.0722743 0.997385 1.55206e-17 0  }
{ -0.997385 -0.0722743 2.43942e-16 0  }
{ 2.44426e-16 2.1507e-18 1 0  }
{ -0.844686 1.5516 -0.134428 1  }

アニメーション行列 : 
フレーム番号0 : 
{ -0.0722743 0.613972 0.786012 0  }
{ -0.997385 -0.0444908 -0.0569574 0  }
{ -3.70031e-08 -0.788073 0.615582 0  }
{ -0.949621 0.99946 -0.666966 1  }

フレーム番号1 : 
{ -0.0721162 0.628071 0.774808 0  }
{ -0.997396 -0.0450459 -0.056319 0  }
{ -0.000470357 -0.776852 0.629684 0  }
{ -0.95009 0.995785 -0.653619 1  }

フレーム番号2 : 
{ -0.071645 0.666628 0.74194 0  }
{ -0.997429 -0.0466062 -0.0544408 0  }
{ -0.00171277 -0.743932 0.668253 0  }
{ -0.951365 0.986412 -0.615808 1  }

フレーム番号3 : 
{ -0.0708572 0.722798 0.687418 0  }
{ -0.997481 -0.0489975 -0.0512983 0  }
{ -0.00339655 -0.689321 0.724448 0  }
{ -0.953193 0.974763 -0.556737 1  }

フレーム番号4 : 
{ -0.069782 0.788572 0.61097 0  }
{ -0.997549 -0.0520038 -0.0468143 0  }
{ -0.00514365 -0.612739 0.790268 0  }
{ -0.955275 0.964885 -0.479763 1  }

フレーム番号5 : 
{ -0.0685198 0.855466 0.513305 0  }
{ -0.997628 -0.0553509 -0.0409239 0  }
{ -0.00659706 -0.514892 0.85723 0  }
{ -0.957291 0.960734 -0.388714 1  }

フレーム番号6 : 
{ -0.0672506 0.915374 0.396948 0  }
{ -0.997708 -0.0587134 -0.033636 0  }
{ -0.00748335 -0.3983 0.917225 0  }
{ -0.95893 0.965544 -0.288002 1  }

フレーム番号7 : 
{ -0.0662062 0.961549 0.266534 0  }
{ -0.997777 -0.061748 -0.0250822 0  }
{ -0.00765982 -0.267602 0.963499 0  }
{ -0.959931 0.981321 -0.182529 1  }

フレーム番号8 : 
{ -0.0656165 0.989531 0.128538 0  }
{ -0.997819 -0.0641471 -0.0155425 0  }
{ -0.00713448 -0.129278 0.991583 0  }
{ -0.960123 1.0085 -0.0773821 1  }

フレーム番号9 : 
{ -0.0656447 0.997798 -0.00946848 0  }
{ -0.997825 -0.065698 -0.00544122 0  }
{ -0.0060513 0.0090907 0.99994 0  }
{ -0.959453 1.04581 0.0225648 1  }

フレーム番号10 : 
{ -0.0663334 0.987956 -0.139797 0  }
{ -0.997787 -0.0663305 0.00468547 0  }
{ -0.00464381 0.139799 0.990169 0  }
{ -0.958005 1.09041 0.113065 1  }

フレーム番号11 : 
{ -0.0675789 0.964424 -0.255577 0  }
{ -0.997709 -0.0661378 0.0142392 0  }
{ -0.00317071 0.255954 0.966684 0  }
{ -0.955996 1.13818 0.190792 1  }

フレーム番号12 : 
{ -0.0691402 0.933684 -0.351361 0  }
{ -0.997605 -0.0653647 0.0226112 0  }
{ -0.00185486 0.352083 0.935967 0  }
{ -0.953756 1.18413 0.253438 1  }

フレーム番号13 : 
{ -0.0706814 0.903259 -0.423234 0  }
{ -0.997499 -0.0643633 0.0292222 0  }
{ -0.000845499 0.424241 0.905549 0  }
{ -0.951682 1.22295 0.299557 1  }

フレーム番号14 : 
{ -0.0718348 0.880609 -0.468367 0  }
{ -0.997416 -0.0635242 0.0335404 0  }
{ -0.000216619 0.469567 0.882897 0  }
{ -0.950183 1.24948 0.328155 1  }

フレーム番号15 : 
{ -0.0722743 0.872012 -0.484119 0  }
{ -0.997385 -0.0631893 0.0350811 0  }
{ -3.60577e-08 0.485389 0.874299 0  }
{ -0.949621 1.25916 0.338073 1  }

フレーム番号16 : 
{ -0.0718348 0.880609 -0.468367 0  }
{ -0.997416 -0.0635242 0.0335404 0  }
{ -0.000216619 0.469567 0.882897 0  }
{ -0.950183 1.24948 0.328155 1  }

フレーム番号17 : 
{ -0.0706814 0.903259 -0.423234 0  }
{ -0.997499 -0.0643633 0.0292222 0  }
{ -0.000845499 0.424241 0.905549 0  }
{ -0.951682 1.22295 0.299557 1  }

フレーム番号18 : 
{ -0.0691402 0.933684 -0.351361 0  }
{ -0.997605 -0.0653647 0.0226113 0  }
{ -0.00185486 0.352083 0.935967 0  }
{ -0.953756 1.18413 0.253438 1  }

フレーム番号19 : 
{ -0.0675789 0.964424 -0.255577 0  }
{ -0.997709 -0.0661378 0.0142392 0  }
{ -0.00317071 0.255954 0.966684 0  }
{ -0.955996 1.13818 0.190792 1  }

フレーム番号20 : 
{ -0.0663334 0.987956 -0.139797 0  }
{ -0.997787 -0.0663305 0.00468547 0  }
{ -0.0046438 0.139799 0.990169 0  }
{ -0.958005 1.09041 0.113065 1  }

フレーム番号21 : 
{ -0.0656447 0.997798 -0.00946848 0  }
{ -0.997825 -0.065698 -0.00544122 0  }
{ -0.0060513 0.0090907 0.99994 0  }
{ -0.959453 1.04581 0.0225648 1  }

フレーム番号22 : 
{ -0.0656165 0.989531 0.128538 0  }
{ -0.997819 -0.0641471 -0.0155425 0  }
{ -0.00713447 -0.129278 0.991583 0  }
{ -0.960123 1.0085 -0.0773821 1  }

フレーム番号23 : 
{ -0.0662062 0.961549 0.266534 0  }
{ -0.997777 -0.061748 -0.0250822 0  }
{ -0.00765981 -0.267602 0.963499 0  }
{ -0.959931 0.981321 -0.182529 1  }

フレーム番号24 : 
{ -0.0672506 0.915374 0.396948 0  }
{ -0.997708 -0.0587134 -0.0336359 0  }
{ -0.00748335 -0.3983 0.917225 0  }
{ -0.95893 0.965544 -0.288002 1  }

フレーム番号25 : 
{ -0.0685198 0.855466 0.513305 0  }
{ -0.997628 -0.0553509 -0.0409238 0  }
{ -0.00659706 -0.514892 0.85723 0  }
{ -0.957291 0.960734 -0.388714 1  }

フレーム番号26 : 
{ -0.069782 0.788572 0.61097 0  }
{ -0.997549 -0.0520038 -0.0468143 0  }
{ -0.00514364 -0.61274 0.790268 0  }
{ -0.955275 0.964885 -0.479764 1  }

フレーム番号27 : 
{ -0.0708572 0.722798 0.687418 0  }
{ -0.997481 -0.0489975 -0.0512983 0  }
{ -0.00339655 -0.689321 0.724448 0  }
{ -0.953193 0.974763 -0.556737 1  }

フレーム番号28 : 
{ -0.071645 0.666628 0.74194 0  }
{ -0.997429 -0.0466062 -0.0544408 0  }
{ -0.00171277 -0.743932 0.668253 0  }
{ -0.951365 0.986412 -0.615808 1  }

フレーム番号29 : 
{ -0.0721162 0.628071 0.774808 0  }
{ -0.997396 -0.0450459 -0.056319 0  }
{ -0.000470357 -0.776852 0.629684 0  }
{ -0.95009 0.995785 -0.653619 1  }

フレーム番号30 : 
{ -0.0722743 0.613972 0.786012 0  }
{ -0.997385 -0.0444908 -0.0569574 0  }
{ -3.70031e-08 -0.788073 0.615582 0  }
{ -0.949621 0.99946 -0.666966 1  }

