
[MeshData]

ボーン番号 : 14

ボーン名 : {  }

オフセット行列 : 
{ 0.0547124 0.998502 1.23075e-32 0  }
{ 0.998502 -0.0547124 -1.22465e-16 0  }
{ -1.22281e-16 6.70034e-18 -1 0  }
{ -0.802081 2.57261 -0.134428 1  }

アニメーション行列 : 
フレーム番号0 : 
{ 0.0547124 0.959508 0.276318 0  }
{ 0.998502 -0.0525757 -0.0151407 0  }
{ 3.5956e-08 0.276733 -0.960947 0  }
{ -0.802081 1.9806 -0.384419 1  }

フレーム番号1 : 
{ 0.0551715 0.963147 0.263258 0  }
{ 0.998477 -0.0532779 -0.014332 0  }
{ 0.00022201 0.263647 -0.964619 0  }
{ -0.802081 1.9806 -0.384419 1  }

フレーム番号2 : 
{ 0.0564182 0.972433 0.226254 0  }
{ 0.998407 -0.0551309 -0.0120093 0  }
{ 0.000795372 0.226571 -0.973994 0  }
{ -0.802081 1.9806 -0.384419 1  }

フレーム番号3 : 
{ 0.0582067 0.983992 0.168437 0  }
{ 0.998303 -0.0576319 -0.00830301 0  }
{ 0.00153722 0.168634 -0.985678 0  }
{ -0.802081 1.9806 -0.384419 1  }

フレーム番号4 : 
{ 0.0602441 0.993834 0.0930886 0  }
{ 0.998181 -0.0601915 -0.00337505 0  }
{ 0.00224891 0.0931227 -0.995652 0  }
{ -0.802081 1.9806 -0.384419 1  }

フレーム番号5 : 
{ 0.0622165 0.998055 0.00395556 0  }
{ 0.998059 -0.0622267 0.00252114 0  }
{ 0.00276238 0.00379103 -0.999989 0  }
{ -0.802081 1.9806 -0.384419 1  }

フレーム番号6 : 
{ 0.0638205 0.993464 -0.0946337 0  }
{ 0.997957 -0.0632501 0.00901792 0  }
{ 0.00297339 -0.0950159 -0.995471 0  }
{ -0.802081 1.9806 -0.384419 1  }

フレーム番号7 : 
{ 0.0648009 0.978084 -0.19787 0  }
{ 0.997894 -0.0629461 0.0156557 0  }
{ 0.00285747 -0.198468 -0.980103 0  }
{ -0.802081 1.9806 -0.384419 1  }

フレーム番号8 : 
{ 0.0649886 0.951484 -0.300757 0  }
{ 0.997883 -0.0612216 0.0219437 0  }
{ 0.00246626 -0.301546 -0.953448 0  }
{ -0.802081 1.9806 -0.384419 1  }

フレーム番号9 : 
{ 0.0643324 0.914904 -0.398513 0  }
{ 0.997927 -0.0582173 0.0274415 0  }
{ 0.00190603 -0.399452 -0.916752 0  }
{ -0.802081 1.9806 -0.384419 1  }

フレーム番号10 : 
{ 0.0629147 0.871146 -0.486978 0  }
{ 0.998018 -0.054279 0.0318394 0  }
{ 0.0013041 -0.488016 -0.872834 0  }
{ -0.802081 1.9806 -0.384419 1  }

フレーム番号11 : 
{ 0.0609493 0.824273 -0.562903 0  }
{ 0.998141 -0.0498958 0.0350117 0  }
{ 0.000772697 -0.56399 -0.825781 0  }
{ -0.802081 1.9806 -0.384419 1  }

フレーム番号12 : 
{ 0.0587577 0.779173 -0.624049 0  }
{ 0.998272 -0.0456231 0.037029 0  }
{ 0.000380912 -0.625147 -0.780507 0  }
{ -0.802081 1.9806 -0.384419 1  }

フレーム番号13 : 
{ 0.0567282 0.741069 -0.669028 0  }
{ 0.99839 -0.042011 0.0381206 0  }
{ 0.00014346 -0.670113 -0.742259 0  }
{ -0.802081 1.9806 -0.384419 1  }

フレーム番号14 : 
{ 0.0552622 0.715035 -0.696901 0  }
{ 0.998472 -0.0395532 0.0385934 0  }
{ 3.09825e-05 -0.697969 -0.716128 0  }
{ -0.802081 1.9806 -0.384419 1  }

フレーム番号15 : 
{ 0.0547124 0.70553 -0.706564 0  }
{ 0.998502 -0.0386591 0.0387159 0  }
{ 3.5303e-08 -0.707624 -0.706589 0  }
{ -0.802081 1.9806 -0.384419 1  }

フレーム番号16 : 
{ 0.0552622 0.715035 -0.696901 0  }
{ 0.998472 -0.0395532 0.0385934 0  }
{ 3.09825e-05 -0.697969 -0.716128 0  }
{ -0.802081 1.9806 -0.384419 1  }

フレーム番号17 : 
{ 0.0567282 0.741069 -0.669028 0  }
{ 0.99839 -0.042011 0.0381206 0  }
{ 0.00014346 -0.670113 -0.742259 0  }
{ -0.802081 1.9806 -0.384419 1  }

フレーム番号18 : 
{ 0.0587577 0.779173 -0.624049 0  }
{ 0.998272 -0.0456231 0.037029 0  }
{ 0.000380908 -0.625147 -0.780507 0  }
{ -0.802081 1.9806 -0.384419 1  }

フレーム番号19 : 
{ 0.0609493 0.824273 -0.562903 0  }
{ 0.998141 -0.0498958 0.0350117 0  }
{ 0.000772696 -0.56399 -0.825781 0  }
{ -0.802081 1.9806 -0.384419 1  }

フレーム番号20 : 
{ 0.0629147 0.871145 -0.486978 0  }
{ 0.998018 -0.054279 0.0318394 0  }
{ 0.0013041 -0.488016 -0.872834 0  }
{ -0.802081 1.9806 -0.384419 1  }

フレーム番号21 : 
{ 0.0643324 0.914904 -0.398513 0  }
{ 0.997927 -0.0582173 0.0274415 0  }
{ 0.00190603 -0.399452 -0.916752 0  }
{ -0.802081 1.9806 -0.384419 1  }

フレーム番号22 : 
{ 0.0649886 0.951484 -0.300757 0  }
{ 0.997883 -0.0612216 0.0219437 0  }
{ 0.00246626 -0.301546 -0.953448 0  }
{ -0.802081 1.9806 -0.384419 1  }

フレーム番号23 : 
{ 0.0648009 0.978084 -0.19787 0  }
{ 0.997894 -0.0629461 0.0156557 0  }
{ 0.00285747 -0.198468 -0.980103 0  }
{ -0.802081 1.9806 -0.384419 1  }

フレーム番号24 : 
{ 0.0638205 0.993464 -0.0946337 0  }
{ 0.997957 -0.0632501 0.00901792 0  }
{ 0.00297339 -0.0950159 -0.995471 0  }
{ -0.802081 1.9806 -0.384419 1  }

フレーム番号25 : 
{ 0.0622165 0.998055 0.00395556 0  }
{ 0.998059 -0.0622267 0.00252114 0  }
{ 0.00276237 0.00379103 -0.999989 0  }
{ -0.802081 1.9806 -0.384419 1  }

フレーム番号26 : 
{ 0.0602441 0.993834 0.0930887 0  }
{ 0.998181 -0.0601915 -0.00337505 0  }
{ 0.00224891 0.0931227 -0.995652 0  }
{ -0.802081 1.9806 -0.384419 1  }

フレーム番号27 : 
{ 0.0582067 0.983992 0.168437 0  }
{ 0.998303 -0.0576319 -0.00830302 0  }
{ 0.00153722 0.168634 -0.985678 0  }
{ -0.802081 1.9806 -0.384419 1  }

フレーム番号28 : 
{ 0.0564182 0.972433 0.226254 0  }
{ 0.998407 -0.0551309 -0.0120093 0  }
{ 0.000795371 0.226571 -0.973994 0  }
{ -0.802081 1.9806 -0.384419 1  }

フレーム番号29 : 
{ 0.0551715 0.963147 0.263258 0  }
{ 0.998477 -0.0532779 -0.014332 0  }
{ 0.00022201 0.263647 -0.964619 0  }
{ -0.802081 1.9806 -0.384419 1  }

フレーム番号30 : 
{ 0.0547124 0.959508 0.276318 0  }
{ 0.998502 -0.0525757 -0.0151407 0  }
{ 3.5956e-08 0.276733 -0.960947 0  }
{ -0.802081 1.9806 -0.384419 1  }

