
[MeshData]

ボーン番号 : 5

ボーン名 : {  }

オフセット行列 : 
{ 0.999289 -0.037709 0 0  }
{ 0.037709 0.999289 0 0  }
{ -0 0 1 0  }
{ 2.5168 5.37432 -0.121232 1  }

アニメーション行列 : 
フレーム番号0 : 
{ -0.0603309 -0.817636 -0.572566 0  }
{ 0.0669869 -0.575634 0.814959 0  }
{ -0.995928 0.0108128 0.0894994 0  }
{ 1.72522 3.21206 -0.995363 1  }

フレーム番号1 : 
{ -0.0575512 -0.8276 -0.55836 0  }
{ 0.067717 -0.561235 0.824882 0  }
{ -0.996043 0.00966249 0.0883424 0  }
{ 1.72844 3.19794 -0.979844 1  }

フレーム番号2 : 
{ -0.0500399 -0.854272 -0.517412 0  }
{ 0.0694992 -0.519784 0.851466 0  }
{ -0.996326 0.00664753 0.0853811 0  }
{ 1.73716 3.15962 -0.934865 1  }

フレーム番号3 : 
{ -0.0393746 -0.891396 -0.451511 0  }
{ 0.0715058 -0.453217 0.888528 0  }
{ -0.996663 0.00269972 0.0815852 0  }
{ 1.74963 3.1046 -0.861747 1  }

フレーム番号4 : 
{ -0.027426 -0.931585 -0.362487 0  }
{ 0.0728861 -0.363522 0.92873 0  }
{ -0.996963 -0.000948967 0.0778696 0  }
{ 1.76372 3.04168 -0.761638 1  }

フレーム番号5 : 
{ -0.0161536 -0.967274 -0.253221 0  }
{ 0.0730404 -0.253719 0.964516 0  }
{ -0.997198 -0.00291492 0.0747485 0  }
{ 1.77721 2.98 -0.636776 1  }

フレーム番号6 : 
{ -0.00737265 -0.991719 -0.128213 0  }
{ 0.0717919 -0.12841 0.989119 0  }
{ -0.997392 -0.0019122 0.0721442 0  }
{ 1.78797 2.92803 -0.491289 1  }

フレーム番号7 : 
{ -0.00250105 -0.999976 0.00640197 0  }
{ 0.0694239 0.00621292 0.997568 0  }
{ -0.997584 0.00293942 0.0694067 0  }
{ 1.79427 2.8925 -0.331401 1  }

フレーム番号8 : 
{ -0.00234006 -0.989668 0.143355 0  }
{ 0.0665751 0.142883 0.987498 0  }
{ -0.997779 0.0118547 0.0655529 0  }
{ 1.79503 2.8775 -0.165054 1  }

フレーム番号9 : 
{ -0.00693418 -0.961385 0.275121 0  }
{ 0.0640299 0.274136 0.959557 0  }
{ -0.997924 0.0242697 0.0596564 0  }
{ 1.79005 2.88383 -0.00105481 1  }

フレーム番号10 : 
{ -0.0155586 -0.918597 0.39489 0  }
{ 0.062461 0.393273 0.917297 0  }
{ -0.997926 0.0389371 0.0512577 0  }
{ 1.78005 2.90895 0.15198 1  }

フレーム番号11 : 
{ -0.0268287 -0.867123 0.497371 0  }
{ 0.0622105 0.495137 0.866585 0  }
{ -0.997702 0.0541911 0.0406603 0  }
{ 1.76658 2.94734 0.286591 1  }

フレーム番号12 : 
{ -0.0389115 -0.814283 0.579163 0  }
{ 0.0631726 0.576437 0.814696 0  }
{ -0.997244 0.0682882 0.0290103 0  }
{ 1.75186 2.99141 0.397061 1  }

フレーム番号13 : 
{ -0.049781 -0.767942 0.638582 0  }
{ 0.0648158 0.635543 0.76934 0  }
{ -0.996655 0.0796888 0.0181368 0  }
{ 1.73841 3.03255 0.479434 1  }

フレーム番号14 : 
{ -0.0574758 -0.735618 0.674954 0  }
{ 0.0663479 0.671762 0.73779 0  }
{ -0.99614 0.0871868 0.0101967 0  }
{ 1.7288 3.06229 0.530932 1  }

フレーム番号15 : 
{ -0.0603309 -0.723708 0.687464 0  }
{ 0.0669868 0.68423 0.726183 0  }
{ -0.995928 0.0898622 0.00719868 0  }
{ 1.72522 3.07343 0.548863 1  }

フレーム番号16 : 
{ -0.0574758 -0.735618 0.674954 0  }
{ 0.0663479 0.671762 0.73779 0  }
{ -0.99614 0.0871868 0.0101967 0  }
{ 1.7288 3.06229 0.530932 1  }

フレーム番号17 : 
{ -0.049781 -0.767942 0.638582 0  }
{ 0.0648158 0.635543 0.76934 0  }
{ -0.996655 0.0796888 0.0181368 0  }
{ 1.73841 3.03255 0.479434 1  }

フレーム番号18 : 
{ -0.0389115 -0.814283 0.579163 0  }
{ 0.0631726 0.576437 0.814696 0  }
{ -0.997244 0.0682882 0.0290104 0  }
{ 1.75186 2.99141 0.397061 1  }

フレーム番号19 : 
{ -0.0268287 -0.867123 0.497371 0  }
{ 0.0622105 0.495137 0.866585 0  }
{ -0.997702 0.0541911 0.0406603 0  }
{ 1.76658 2.94734 0.286591 1  }

フレーム番号20 : 
{ -0.0155586 -0.918597 0.39489 0  }
{ 0.062461 0.393273 0.917297 0  }
{ -0.997926 0.0389371 0.0512577 0  }
{ 1.78005 2.90895 0.15198 1  }

フレーム番号21 : 
{ -0.00693418 -0.961385 0.27512 0  }
{ 0.0640299 0.274136 0.959557 0  }
{ -0.997924 0.0242697 0.0596564 0  }
{ 1.79005 2.88383 -0.00105487 1  }

フレーム番号22 : 
{ -0.00234006 -0.989669 0.143355 0  }
{ 0.0665751 0.142883 0.987498 0  }
{ -0.997779 0.0118547 0.0655529 0  }
{ 1.79503 2.8775 -0.165054 1  }

フレーム番号23 : 
{ -0.00250105 -0.999976 0.00640197 0  }
{ 0.0694239 0.00621292 0.997568 0  }
{ -0.997584 0.00293942 0.0694067 0  }
{ 1.79427 2.8925 -0.331401 1  }

フレーム番号24 : 
{ -0.00737265 -0.991719 -0.128213 0  }
{ 0.0717919 -0.12841 0.989119 0  }
{ -0.997392 -0.0019122 0.0721442 0  }
{ 1.78797 2.92803 -0.491289 1  }

フレーム番号25 : 
{ -0.0161536 -0.967274 -0.253221 0  }
{ 0.0730404 -0.253719 0.964516 0  }
{ -0.997198 -0.00291492 0.0747485 0  }
{ 1.77721 2.98 -0.636776 1  }

フレーム番号26 : 
{ -0.027426 -0.931585 -0.362487 0  }
{ 0.0728861 -0.363522 0.92873 0  }
{ -0.996963 -0.000948969 0.0778696 0  }
{ 1.76372 3.04168 -0.761638 1  }

フレーム番号27 : 
{ -0.0393746 -0.891396 -0.451511 0  }
{ 0.0715058 -0.453217 0.888528 0  }
{ -0.996663 0.00269972 0.0815852 0  }
{ 1.74963 3.1046 -0.861747 1  }

フレーム番号28 : 
{ -0.0500399 -0.854272 -0.517412 0  }
{ 0.0694992 -0.519784 0.851466 0  }
{ -0.996326 0.00664753 0.0853811 0  }
{ 1.73716 3.15962 -0.934865 1  }

フレーム番号29 : 
{ -0.0575512 -0.8276 -0.55836 0  }
{ 0.067717 -0.561235 0.824882 0  }
{ -0.996043 0.00966249 0.0883424 0  }
{ 1.72844 3.19794 -0.979844 1  }

フレーム番号30 : 
{ -0.0603309 -0.817636 -0.572566 0  }
{ 0.0669869 -0.575634 0.814959 0  }
{ -0.995928 0.0108128 0.0894994 0  }
{ 1.72522 3.21206 -0.995363 1  }

