
[MeshData]

ボーン番号 : 6

ボーン名 : {  }

オフセット行列 : 
{ 1 -5.55112e-17 0 0  }
{ 5.55112e-17 1 0 0  }
{ -0 0 1 0  }
{ 4.13712 5.39639 -0.121232 1  }

アニメーション行列 : 
フレーム番号0 : 
{ -0.057762 -0.838761 -0.541428 0  }
{ 0.0692142 -0.544393 0.83597 0  }
{ -0.995928 0.0108128 0.0894994 0  }
{ 1.63315 1.84098 -1.8542 1  }

フレーム番号1 : 
{ -0.0549568 -0.848175 -0.526857 0  }
{ 0.069839 -0.529628 0.84535 0  }
{ -0.996043 0.00966249 0.0883424 0  }
{ 1.64093 1.81194 -1.81487 1  }

フレーム番号2 : 
{ -0.0473835 -0.873265 -0.484936 0  }
{ 0.0713367 -0.4872 0.870372 0  }
{ -0.996326 0.00664753 0.0853811 0  }
{ 1.66196 1.73389 -1.70141 1  }

フレーム番号3 : 
{ -0.0366502 -0.907853 -0.417685 0  }
{ 0.0729397 -0.419281 0.904922 0  }
{ -0.996663 0.00269972 0.0815852 0  }
{ 1.69185 1.62433 -1.51856 1  }

フレーム番号4 : 
{ -0.024658 -0.944631 -0.327208 0  }
{ 0.0738685 -0.328134 0.941739 0  }
{ -0.996963 -0.000948967 0.0778696 0  }
{ 1.7254 1.50383 -1.27104 1  }

フレーム番号5 : 
{ -0.0133879 -0.976153 -0.21667 0  }
{ 0.0735976 -0.217064 0.973379 0  }
{ -0.997198 -0.00291492 0.0747485 0  }
{ 1.75715 1.39353 -0.966369 1  }

フレーム番号6 : 
{ -0.0046602 -0.995856 -0.0908227 0  }
{ 0.0720189 -0.090922 0.99325 0  }
{ -0.997392 -0.0019122 0.0721442 0  }
{ 1.78201 1.31241 -0.61653 1  }

フレーム番号7 : 
{ 0.000118635 -0.999031 0.0440147 0  }
{ 0.0694688 0.0439166 0.996617 0  }
{ -0.997584 0.00293942 0.0694067 0  }
{ 1.79599 1.27472 -0.238088 1  }

フレーム番号8 : 
{ 0.000172083 -0.983577 0.180491 0  }
{ 0.066616 0.180101 0.98139 0  }
{ -0.997779 0.0118547 0.0655529 0  }
{ 1.79678 1.28776 0.149059 1  }

フレーム番号9 : 
{ -0.00451475 -0.950364 0.311109 0  }
{ 0.0642458 0.310194 0.9485 0  }
{ -0.997924 0.0242697 0.0596564 0  }
{ 1.78415 1.35078 0.523976 1  }

フレーム番号10 : 
{ -0.0131922 -0.903113 0.429199 0  }
{ 0.0630032 0.427633 0.901754 0  }
{ -0.997926 0.0389371 0.0512577 0  }
{ 1.76006 1.45505 0.867324 1  }

フレーム番号11 : 
{ -0.0244637 -0.847835 0.529695 0  }
{ 0.063178 0.527484 0.847213 0  }
{ -0.997702 0.0541911 0.0406603 0  }
{ 1.72834 1.58521 1.16357 1  }

フレーム番号12 : 
{ -0.0365016 -0.791967 0.609472 0  }
{ 0.064595 0.606733 0.792277 0  }
{ -0.997244 0.0682882 0.0290103 0  }
{ 1.69414 1.72156 1.40209 1  }

フレーム番号13 : 
{ -0.0473015 -0.74343 0.667139 0  }
{ 0.0666469 0.664049 0.744712 0  }
{ -0.996655 0.0796888 0.0181368 0  }
{ 1.66324 1.84261 1.57685 1  }

フレーム番号14 : 
{ -0.054933 -0.709764 0.702295 0  }
{ 0.068468 0.699024 0.711813 0  }
{ -0.99614 0.0871868 0.0101967 0  }
{ 1.6413 1.92767 1.68459 1  }

フレーム番号15 : 
{ -0.057762 -0.697392 0.714359 0  }
{ 0.0692142 0.711034 0.699743 0  }
{ -0.995928 0.0898622 0.00719868 0  }
{ 1.63315 1.95912 1.7218 1  }

フレーム番号16 : 
{ -0.054933 -0.709764 0.702295 0  }
{ 0.068468 0.699024 0.711813 0  }
{ -0.99614 0.0871868 0.0101967 0  }
{ 1.6413 1.92767 1.68459 1  }

フレーム番号17 : 
{ -0.0473015 -0.74343 0.667139 0  }
{ 0.0666469 0.664049 0.744712 0  }
{ -0.996655 0.0796888 0.0181368 0  }
{ 1.66324 1.84261 1.57685 1  }

フレーム番号18 : 
{ -0.0365016 -0.791967 0.609472 0  }
{ 0.064595 0.606733 0.792277 0  }
{ -0.997244 0.0682882 0.0290104 0  }
{ 1.69414 1.72156 1.40209 1  }

フレーム番号19 : 
{ -0.0244637 -0.847835 0.529695 0  }
{ 0.063178 0.527484 0.847213 0  }
{ -0.997702 0.0541911 0.0406603 0  }
{ 1.72834 1.58521 1.16357 1  }

フレーム番号20 : 
{ -0.0131922 -0.903113 0.429199 0  }
{ 0.0630032 0.427633 0.901754 0  }
{ -0.997926 0.0389371 0.0512577 0  }
{ 1.76006 1.45505 0.867324 1  }

フレーム番号21 : 
{ -0.00451475 -0.950364 0.311109 0  }
{ 0.0642458 0.310194 0.9485 0  }
{ -0.997924 0.0242697 0.0596564 0  }
{ 1.78415 1.35078 0.523976 1  }

フレーム番号22 : 
{ 0.000172085 -0.983577 0.180491 0  }
{ 0.066616 0.180101 0.98139 0  }
{ -0.997779 0.0118547 0.0655529 0  }
{ 1.79678 1.28776 0.149059 1  }

フレーム番号23 : 
{ 0.000118635 -0.999031 0.0440147 0  }
{ 0.0694688 0.0439166 0.996617 0  }
{ -0.997584 0.00293942 0.0694067 0  }
{ 1.79599 1.27472 -0.238088 1  }

フレーム番号24 : 
{ -0.0046602 -0.995856 -0.0908227 0  }
{ 0.0720189 -0.0909221 0.99325 0  }
{ -0.997392 -0.0019122 0.0721442 0  }
{ 1.78201 1.31241 -0.61653 1  }

フレーム番号25 : 
{ -0.0133879 -0.976153 -0.21667 0  }
{ 0.0735976 -0.217063 0.973379 0  }
{ -0.997198 -0.00291492 0.0747485 0  }
{ 1.75715 1.39352 -0.966369 1  }

フレーム番号26 : 
{ -0.024658 -0.944631 -0.327208 0  }
{ 0.0738685 -0.328134 0.941738 0  }
{ -0.996963 -0.000948969 0.0778696 0  }
{ 1.7254 1.50383 -1.27104 1  }

フレーム番号27 : 
{ -0.0366502 -0.907853 -0.417685 0  }
{ 0.0729397 -0.419281 0.904922 0  }
{ -0.996663 0.00269972 0.0815852 0  }
{ 1.69185 1.62433 -1.51856 1  }

フレーム番号28 : 
{ -0.0473835 -0.873265 -0.484936 0  }
{ 0.0713367 -0.4872 0.870372 0  }
{ -0.996326 0.00664753 0.0853811 0  }
{ 1.66196 1.73389 -1.70141 1  }

フレーム番号29 : 
{ -0.0549568 -0.848175 -0.526857 0  }
{ 0.069839 -0.529628 0.84535 0  }
{ -0.996043 0.00966249 0.0883424 0  }
{ 1.64093 1.81194 -1.81487 1  }

フレーム番号30 : 
{ -0.057762 -0.838761 -0.541428 0  }
{ 0.0692142 -0.544393 0.83597 0  }
{ -0.995928 0.0108128 0.0894994 0  }
{ 1.63315 1.84098 -1.8542 1  }

