
[MeshData]

ボーン番号 : 1

ボーン名 : {  }

オフセット行列 : 
{ 1.61554e-15 1 0 0  }
{ -1 1.61554e-15 0 0  }
{ 0 -0 1 0  }
{ -8.10323e-21 4.86638 -0.13376 1  }

アニメーション行列 : 
フレーム番号0 : 
{ -0.153717 0.985159 0.0763765 0  }
{ -0.987348 -0.156182 0.0273973 0  }
{ 0.0389194 -0.0711988 0.996703 0  }
{ -0.251544 4.0106 -0.255947 1  }

フレーム番号1 : 
{ -0.150515 0.985653 0.0763765 0  }
{ -0.98785 -0.152973 0.0273973 0  }
{ 0.0386878 -0.0713249 0.996703 0  }
{ -0.246304 4.01141 -0.255947 1  }

フレーム番号2 : 
{ -0.141497 0.986988 0.0763765 0  }
{ -0.989208 -0.143935 0.0273973 0  }
{ 0.038034 -0.0716756 0.996703 0  }
{ -0.231547 4.0136 -0.255947 1  }

フレーム番号3 : 
{ -0.127536 0.988889 0.0763765 0  }
{ -0.991143 -0.129943 0.0273973 0  }
{ 0.0370175 -0.0722059 0.996703 0  }
{ -0.208702 4.01671 -0.255947 1  }

フレーム番号4 : 
{ -0.109507 0.991047 0.0763765 0  }
{ -0.993345 -0.111873 0.0273973 0  }
{ 0.0356964 -0.072868 0.996703 0  }
{ -0.179199 4.02024 -0.255947 1  }

フレーム番号5 : 
{ -0.0882904 0.993162 0.0763765 0  }
{ -0.99551 -0.090606 0.0273973 0  }
{ 0.0341301 -0.0736147 0.996703 0  }
{ -0.144479 4.0237 -0.255947 1  }

フレーム番号6 : 
{ -0.0647778 0.994973 0.0763765 0  }
{ -0.997374 -0.0670372 0.0273973 0  }
{ 0.0323796 -0.0744012 0.996703 0  }
{ -0.106003 4.02666 -0.255947 1  }

フレーム番号7 : 
{ -0.0398739 0.996281 0.0763765 0  }
{ -0.998739 -0.0420726 0.0273973 0  }
{ 0.0305088 -0.0751878 0.996703 0  }
{ -0.0652501 4.0288 -0.255947 1  }

フレーム番号8 : 
{ -0.014493 0.996974 0.0763765 0  }
{ -0.999486 -0.0166284 0.0273973 0  }
{ 0.0285844 -0.0759402 0.996703 0  }
{ -0.0237166 4.02994 -0.255947 1  }

フレーム番号9 : 
{ 0.0104452 0.997024 0.0763765 0  }
{ -0.99959 0.00837331 0.0273973 0  }
{ 0.0266762 -0.0766313 0.996703 0  }
{ 0.0170926 4.03002 -0.255947 1  }

フレーム番号10 : 
{ 0.0340215 0.996498 0.0763765 0  }
{ -0.999112 0.0320109 0.0273973 0  }
{ 0.0248565 -0.0772408 0.996703 0  }
{ 0.0556732 4.02916 -0.255947 1  }

フレーム番号11 : 
{ 0.0553221 0.995543 0.0763765 0  }
{ -0.998199 0.0533678 0.0273973 0  }
{ 0.0231991 -0.0777546 0.996703 0  }
{ 0.0905297 4.02759 -0.255947 1  }

フレーム番号12 : 
{ 0.0734419 0.994371 0.0763765 0  }
{ -0.997062 0.0715363 0.0273973 0  }
{ 0.0217794 -0.0781642 0.996703 0  }
{ 0.120181 4.02568 -0.255947 1  }

フレーム番号13 : 
{ 0.0874852 0.993234 0.0763765 0  }
{ -0.995951 0.0856178 0.0273973 0  }
{ 0.0206727 -0.0784641 0.996703 0  }
{ 0.143162 4.02382 -0.255947 1  }

フレーム番号14 : 
{ 0.0965629 0.992392 0.0763765 0  }
{ -0.995127 0.0947204 0.0273973 0  }
{ 0.0199544 -0.0786499 0.996703 0  }
{ 0.158017 4.02244 -0.255947 1  }

フレーム番号15 : 
{ 0.0997869 0.992073 0.0763765 0  }
{ -0.994814 0.0979534 0.0273973 0  }
{ 0.0196988 -0.0787143 0.996703 0  }
{ 0.163292 4.02192 -0.255947 1  }

フレーム番号16 : 
{ 0.0965629 0.992392 0.0763765 0  }
{ -0.995127 0.0947204 0.0273973 0  }
{ 0.0199544 -0.0786499 0.996703 0  }
{ 0.158017 4.02244 -0.255947 1  }

フレーム番号17 : 
{ 0.0874852 0.993234 0.0763765 0  }
{ -0.995951 0.0856178 0.0273973 0  }
{ 0.0206727 -0.0784641 0.996703 0  }
{ 0.143162 4.02382 -0.255947 1  }

フレーム番号18 : 
{ 0.0734419 0.994371 0.0763765 0  }
{ -0.997062 0.0715363 0.0273973 0  }
{ 0.0217794 -0.0781642 0.996703 0  }
{ 0.120181 4.02568 -0.255947 1  }

フレーム番号19 : 
{ 0.0553221 0.995543 0.0763765 0  }
{ -0.998199 0.0533678 0.0273973 0  }
{ 0.0231991 -0.0777546 0.996703 0  }
{ 0.0905297 4.02759 -0.255947 1  }

フレーム番号20 : 
{ 0.0340215 0.996498 0.0763765 0  }
{ -0.999112 0.0320109 0.0273973 0  }
{ 0.0248565 -0.0772408 0.996703 0  }
{ 0.0556732 4.02916 -0.255947 1  }

フレーム番号21 : 
{ 0.0104452 0.997024 0.0763765 0  }
{ -0.99959 0.0083733 0.0273973 0  }
{ 0.0266762 -0.0766313 0.996703 0  }
{ 0.0170926 4.03002 -0.255947 1  }

フレーム番号22 : 
{ -0.014493 0.996974 0.0763765 0  }
{ -0.999486 -0.0166284 0.0273973 0  }
{ 0.0285844 -0.0759402 0.996703 0  }
{ -0.0237166 4.02994 -0.255947 1  }

フレーム番号23 : 
{ -0.0398739 0.996281 0.0763765 0  }
{ -0.998739 -0.0420726 0.0273973 0  }
{ 0.0305088 -0.0751878 0.996703 0  }
{ -0.0652501 4.0288 -0.255947 1  }

フレーム番号24 : 
{ -0.0647778 0.994973 0.0763765 0  }
{ -0.997374 -0.0670373 0.0273973 0  }
{ 0.0323796 -0.0744012 0.996703 0  }
{ -0.106003 4.02666 -0.255947 1  }

フレーム番号25 : 
{ -0.0882904 0.993162 0.0763765 0  }
{ -0.99551 -0.090606 0.0273973 0  }
{ 0.0341301 -0.0736147 0.996703 0  }
{ -0.144479 4.0237 -0.255947 1  }

フレーム番号26 : 
{ -0.109507 0.991047 0.0763765 0  }
{ -0.993345 -0.111873 0.0273973 0  }
{ 0.0356964 -0.072868 0.996703 0  }
{ -0.179199 4.02024 -0.255947 1  }

フレーム番号27 : 
{ -0.127536 0.988889 0.0763765 0  }
{ -0.991143 -0.129943 0.0273973 0  }
{ 0.0370175 -0.0722059 0.996703 0  }
{ -0.208702 4.01671 -0.255947 1  }

フレーム番号28 : 
{ -0.141497 0.986988 0.0763765 0  }
{ -0.989208 -0.143935 0.0273973 0  }
{ 0.038034 -0.0716756 0.996703 0  }
{ -0.231547 4.0136 -0.255947 1  }

フレーム番号29 : 
{ -0.150515 0.985653 0.0763765 0  }
{ -0.98785 -0.152973 0.0273973 0  }
{ 0.0386878 -0.0713249 0.996703 0  }
{ -0.246304 4.01141 -0.255947 1  }

フレーム番号30 : 
{ -0.153717 0.985159 0.0763765 0  }
{ -0.987348 -0.156182 0.0273973 0  }
{ 0.0389194 -0.0711988 0.996703 0  }
{ -0.251544 4.0106 -0.255947 1  }

