
[MeshData]

ボーン番号 : 4

ボーン名 : {  }

オフセット行列 : 
{ 0.993747 0.111657 0 0  }
{ -0.111657 0.993747 0 0  }
{ 0 -0 1 0  }
{ 1.27201 5.39828 -0.121232 1  }

アニメーション行列 : 
フレーム番号0 : 
{ 0.20686 -0.782241 -0.58763 0  }
{ 0.196842 -0.555063 0.808182 0  }
{ -0.958364 -0.282851 0.0391573 0  }
{ 1.50193 4.08724 -0.138459 1  }

フレーム番号1 : 
{ 0.209558 -0.791747 -0.573778 0  }
{ 0.197523 -0.540432 0.817874 0  }
{ -0.957638 -0.284727 0.043136 0  }
{ 1.50193 4.08724 -0.138459 1  }

フレーム番号2 : 
{ 0.216845 -0.817254 -0.533924 0  }
{ 0.19917 -0.498395 0.843762 0  }
{ -0.955672 -0.289307 0.0546978 0  }
{ 1.50193 4.08724 -0.138459 1  }

フレーム番号3 : 
{ 0.227182 -0.852953 -0.469957 0  }
{ 0.200981 -0.431122 0.879625 0  }
{ -0.952888 -0.294288 0.0734844 0  }
{ 1.50193 4.08724 -0.138459 1  }

フレーム番号4 : 
{ 0.238755 -0.892026 -0.383777 0  }
{ 0.202141 -0.340896 0.918112 0  }
{ -0.949808 -0.296781 0.098924 0  }
{ 1.50193 4.08724 -0.138459 1  }

フレーム番号5 : 
{ 0.249678 -0.927509 -0.278187 0  }
{ 0.20209 -0.231048 0.951723 0  }
{ -0.947006 -0.293843 0.129753 0  }
{ 1.50193 4.08724 -0.138459 1  }

フレーム番号6 : 
{ 0.258209 -0.953181 -0.1574 0  }
{ 0.200695 -0.106448 0.973853 0  }
{ -0.945013 -0.283047 0.163813 0  }
{ 1.50193 4.08724 -0.138459 1  }

フレーム番号7 : 
{ 0.262989 -0.964419 -0.0270842 0  }
{ 0.198271 0.0265511 0.979788 0  }
{ -0.944206 -0.263043 0.198199 0  }
{ 1.50193 4.08724 -0.138459 1  }

フレーム番号8 : 
{ 0.263238 -0.958883 0.106057 0  }
{ 0.195469 0.160667 0.96746 0  }
{ -0.944721 -0.233941 0.229726 0  }
{ 1.50193 4.08724 -0.138459 1  }

フレーム番号9 : 
{ 0.258888 -0.936882 0.235008 0  }
{ 0.19306 0.288584 0.937788 0  }
{ -0.946417 -0.197411 0.255585 0  }
{ 1.50193 4.08724 -0.138459 1  }

フレーム番号10 : 
{ 0.250601 -0.901328 0.35328 0  }
{ 0.191684 0.403898 0.894496 0  }
{ -0.948924 -0.156444 0.273988 0  }
{ 1.50193 4.08724 -0.138459 1  }

フレーム番号11 : 
{ 0.239686 -0.857306 0.455606 0  }
{ 0.191641 0.501831 0.843469 0  }
{ -0.951748 -0.114855 0.284577 0  }
{ 1.50193 4.08724 -0.138459 1  }

フレーム番号12 : 
{ 0.227907 -0.811356 0.538294 0  }
{ 0.192786 0.5795 0.791841 0  }
{ -0.954407 -0.0766902 0.28849 0  }
{ 1.50193 4.08724 -0.138459 1  }

フレーム番号13 : 
{ 0.217252 -0.77062 0.599122 0  }
{ 0.194565 0.635652 0.747055 0  }
{ -0.956528 -0.0457309 0.288032 0  }
{ 1.50193 4.08724 -0.138459 1  }

フレーム番号14 : 
{ 0.209677 -0.742011 0.636754 0  }
{ 0.196176 0.669913 0.716052 0  }
{ -0.957888 -0.0252236 0.286031 0  }
{ 1.50193 4.08724 -0.138459 1  }

フレーム番号15 : 
{ 0.20686 -0.731433 0.64978 0  }
{ 0.196842 0.681679 0.704675 0  }
{ -0.958364 -0.0178652 0.284989 0  }
{ 1.50193 4.08724 -0.138459 1  }

フレーム番号16 : 
{ 0.209677 -0.742011 0.636754 0  }
{ 0.196176 0.669913 0.716052 0  }
{ -0.957888 -0.0252236 0.286031 0  }
{ 1.50193 4.08724 -0.138459 1  }

フレーム番号17 : 
{ 0.217252 -0.77062 0.599122 0  }
{ 0.194565 0.635652 0.747055 0  }
{ -0.956528 -0.0457309 0.288032 0  }
{ 1.50193 4.08724 -0.138459 1  }

フレーム番号18 : 
{ 0.227907 -0.811356 0.538294 0  }
{ 0.192786 0.5795 0.791841 0  }
{ -0.954407 -0.0766902 0.28849 0  }
{ 1.50193 4.08724 -0.138459 1  }

フレーム番号19 : 
{ 0.239686 -0.857306 0.455606 0  }
{ 0.191641 0.501831 0.843469 0  }
{ -0.951748 -0.114855 0.284577 0  }
{ 1.50193 4.08724 -0.138459 1  }

フレーム番号20 : 
{ 0.250601 -0.901328 0.35328 0  }
{ 0.191684 0.403898 0.894496 0  }
{ -0.948924 -0.156444 0.273988 0  }
{ 1.50193 4.08724 -0.138459 1  }

フレーム番号21 : 
{ 0.258888 -0.936882 0.235008 0  }
{ 0.19306 0.288584 0.937788 0  }
{ -0.946417 -0.197411 0.255585 0  }
{ 1.50193 4.08724 -0.138459 1  }

フレーム番号22 : 
{ 0.263238 -0.958883 0.106057 0  }
{ 0.195469 0.160667 0.96746 0  }
{ -0.944721 -0.233942 0.229726 0  }
{ 1.50193 4.08724 -0.138459 1  }

フレーム番号23 : 
{ 0.262989 -0.964419 -0.0270842 0  }
{ 0.198271 0.0265511 0.979788 0  }
{ -0.944206 -0.263043 0.198199 0  }
{ 1.50193 4.08724 -0.138459 1  }

フレーム番号24 : 
{ 0.258209 -0.953181 -0.1574 0  }
{ 0.200695 -0.106448 0.973853 0  }
{ -0.945013 -0.283047 0.163813 0  }
{ 1.50193 4.08724 -0.138459 1  }

フレーム番号25 : 
{ 0.249678 -0.927509 -0.278187 0  }
{ 0.20209 -0.231048 0.951723 0  }
{ -0.947006 -0.293843 0.129753 0  }
{ 1.50193 4.08724 -0.138459 1  }

フレーム番号26 : 
{ 0.238755 -0.892026 -0.383777 0  }
{ 0.202141 -0.340896 0.918112 0  }
{ -0.949808 -0.296781 0.098924 0  }
{ 1.50193 4.08724 -0.138459 1  }

フレーム番号27 : 
{ 0.227182 -0.852953 -0.469957 0  }
{ 0.200981 -0.431122 0.879625 0  }
{ -0.952888 -0.294288 0.0734844 0  }
{ 1.50193 4.08724 -0.138459 1  }

フレーム番号28 : 
{ 0.216845 -0.817254 -0.533924 0  }
{ 0.19917 -0.498395 0.843762 0  }
{ -0.955672 -0.289307 0.0546978 0  }
{ 1.50193 4.08724 -0.138459 1  }

フレーム番号29 : 
{ 0.209558 -0.791747 -0.573778 0  }
{ 0.197523 -0.540432 0.817874 0  }
{ -0.957638 -0.284727 0.043136 0  }
{ 1.50193 4.08724 -0.138459 1  }

フレーム番号30 : 
{ 0.20686 -0.782241 -0.58763 0  }
{ 0.196842 -0.555063 0.808182 0  }
{ -0.958364 -0.282851 0.0391573 0  }
{ 1.50193 4.08724 -0.138459 1  }

