
[MeshData]

ボーン番号 : 7

ボーン名 : {  }

オフセット行列 : 
{ 0.0547124 -0.998502 0 0  }
{ 0.998502 0.0547124 0 0  }
{ -0 0 1 0  }
{ 0.802081 2.57261 -0.134428 1  }

アニメーション行列 : 
フレーム番号0 : 
{ 0.0547124 -0.598972 0.798899 0  }
{ 0.998502 0.0328204 -0.0437753 0  }
{ 1.63358e-09 0.800097 0.59987 0  }
{ 0.802081 1.9843 -0.333014 1  }

フレーム番号1 : 
{ 0.0556215 -0.611762 0.789084 0  }
{ 0.998452 0.0340419 -0.0439875 0  }
{ 4.79545e-05 0.790309 0.612708 0  }
{ 0.802081 1.9843 -0.333014 1  }

フレーム番号2 : 
{ 0.0580441 -0.64689 0.760371 0  }
{ 0.998314 0.0374306 -0.0443635 0  }
{ 0.000237172 0.761664 0.647972 0  }
{ 0.802081 1.9843 -0.333014 1  }

フレーム番号3 : 
{ 0.0613918 -0.698541 0.712931 0  }
{ 0.998114 0.042489 -0.044318 0  }
{ 0.000666254 0.714307 0.699832 0  }
{ 0.802081 1.9843 -0.333014 1  }

フレーム番号4 : 
{ 0.0649909 -0.760017 0.646646 0  }
{ 0.997885 0.0485861 -0.0431878 0  }
{ 0.00140546 0.648085 0.761567 0  }
{ 0.802081 1.9843 -0.333014 1  }

フレーム番号5 : 
{ 0.0681881 -0.824256 0.562097 0  }
{ 0.99767 0.0549614 -0.0404324 0  }
{ 0.00243297 0.563544 0.826083 0  }
{ 0.802081 1.9843 -0.333014 1  }

フレーム番号6 : 
{ 0.0704461 -0.884474 0.461242 0  }
{ 0.997509 0.0607877 -0.0357848 0  }
{ 0.00361287 0.462614 0.886553 0  }
{ 0.802081 1.9843 -0.333014 1  }

フレーム番号7 : 
{ 0.0714182 -0.934884 0.347694 0  }
{ 0.997435 0.0652888 -0.0293292 0  }
{ 0.0047189 0.348897 0.937149 0  }
{ 0.802081 1.9843 -0.333014 1  }

フレーム番号8 : 
{ 0.0709902 -0.9714 0.226589 0  }
{ 0.997462 0.067882 -0.0214901 0  }
{ 0.00549413 0.22754 0.973753 0  }
{ 0.802081 1.9843 -0.333014 1  }

フレーム番号9 : 
{ 0.0692805 -0.992151 0.104102 0  }
{ 0.997581 0.0683021 -0.0129386 0  }
{ 0.00572667 0.104747 0.994482 0  }
{ 0.802081 1.9843 -0.333014 1  }

フレーム番号10 : 
{ 0.066601 -0.997692 -0.013233 0  }
{ 0.997766 0.0666649 -0.00444569 0  }
{ 0.0053176 -0.0129073 0.999903 0  }
{ 0.802081 1.9843 -0.333014 1  }

フレーム番号11 : 
{ 0.0633914 -0.990843 -0.11921 0  }
{ 0.997979 0.0634541 0.0032732 0  }
{ 0.00432111 -0.119176 0.992864 0  }
{ 0.802081 1.9843 -0.333014 1  }

フレーム番号12 : 
{ 0.060145 -0.976183 -0.208444 0  }
{ 0.998185 0.0594351 0.00967301 0  }
{ 0.00294628 -0.208648 0.977986 0  }
{ 0.802081 1.9843 -0.333014 1  }

フレーム番号13 : 
{ 0.0573443 -0.959288 -0.276546 0  }
{ 0.998353 0.0555222 0.0144209 0  }
{ 0.00152066 -0.276918 0.960892 0  }
{ 0.802081 1.9843 -0.333014 1  }

フレーム番号14 : 
{ 0.0554171 -0.945827 -0.319907 0  }
{ 0.998463 0.0526316 0.0173537 0  }
{ 0.00042364 -0.320377 0.94729 0  }
{ 0.802081 1.9843 -0.333014 1  }

フレーム番号15 : 
{ 0.0547124 -0.940571 -0.335162 0  }
{ 0.998502 0.0515381 0.018365 0  }
{ 2.82206e-10 -0.335664 0.941982 0  }
{ 0.802081 1.9843 -0.333014 1  }

フレーム番号16 : 
{ 0.0554171 -0.945827 -0.319907 0  }
{ 0.998463 0.0526316 0.0173537 0  }
{ 0.00042364 -0.320377 0.94729 0  }
{ 0.802081 1.9843 -0.333014 1  }

フレーム番号17 : 
{ 0.0573443 -0.959288 -0.276546 0  }
{ 0.998353 0.0555222 0.0144209 0  }
{ 0.00152066 -0.276918 0.960892 0  }
{ 0.802081 1.9843 -0.333014 1  }

フレーム番号18 : 
{ 0.060145 -0.976183 -0.208444 0  }
{ 0.998185 0.0594351 0.00967301 0  }
{ 0.00294628 -0.208648 0.977986 0  }
{ 0.802081 1.9843 -0.333014 1  }

フレーム番号19 : 
{ 0.0633914 -0.990843 -0.11921 0  }
{ 0.997979 0.0634541 0.0032732 0  }
{ 0.00432111 -0.119176 0.992864 0  }
{ 0.802081 1.9843 -0.333014 1  }

フレーム番号20 : 
{ 0.066601 -0.997692 -0.013233 0  }
{ 0.997766 0.0666649 -0.00444569 0  }
{ 0.0053176 -0.0129073 0.999903 0  }
{ 0.802081 1.9843 -0.333014 1  }

フレーム番号21 : 
{ 0.0692805 -0.992151 0.104102 0  }
{ 0.997581 0.0683021 -0.0129386 0  }
{ 0.00572667 0.104747 0.994482 0  }
{ 0.802081 1.9843 -0.333014 1  }

フレーム番号22 : 
{ 0.0709902 -0.9714 0.226589 0  }
{ 0.997462 0.067882 -0.0214901 0  }
{ 0.00549413 0.22754 0.973753 0  }
{ 0.802081 1.9843 -0.333014 1  }

フレーム番号23 : 
{ 0.0714182 -0.934884 0.347694 0  }
{ 0.997435 0.0652888 -0.0293292 0  }
{ 0.0047189 0.348897 0.937149 0  }
{ 0.802081 1.9843 -0.333014 1  }

フレーム番号24 : 
{ 0.0704461 -0.884474 0.461242 0  }
{ 0.997509 0.0607877 -0.0357848 0  }
{ 0.00361286 0.462614 0.886553 0  }
{ 0.802081 1.9843 -0.333014 1  }

フレーム番号25 : 
{ 0.0681881 -0.824256 0.562097 0  }
{ 0.99767 0.0549614 -0.0404324 0  }
{ 0.00243297 0.563544 0.826083 0  }
{ 0.802081 1.9843 -0.333014 1  }

フレーム番号26 : 
{ 0.0649909 -0.760017 0.646646 0  }
{ 0.997885 0.0485861 -0.0431878 0  }
{ 0.00140546 0.648085 0.761567 0  }
{ 0.802081 1.9843 -0.333014 1  }

フレーム番号27 : 
{ 0.0613918 -0.698541 0.712931 0  }
{ 0.998114 0.042489 -0.044318 0  }
{ 0.000666254 0.714307 0.699832 0  }
{ 0.802081 1.9843 -0.333014 1  }

フレーム番号28 : 
{ 0.0580441 -0.64689 0.760371 0  }
{ 0.998314 0.0374306 -0.0443635 0  }
{ 0.000237172 0.761664 0.647972 0  }
{ 0.802081 1.9843 -0.333014 1  }

フレーム番号29 : 
{ 0.0556215 -0.611762 0.789084 0  }
{ 0.998452 0.0340419 -0.0439875 0  }
{ 4.79545e-05 0.790309 0.612708 0  }
{ 0.802081 1.9843 -0.333014 1  }

フレーム番号30 : 
{ 0.0547124 -0.598972 0.798899 0  }
{ 0.998502 0.0328204 -0.0437753 0  }
{ 1.63358e-09 0.800097 0.59987 0  }
{ 0.802081 1.9843 -0.333014 1  }

