
[MeshData]

ボーン番号 : 0

ボーン名 : {  }

オフセット行列 : 
{ 0.0341681 0.999416 0 0  }
{ -0.999416 0.0341681 0 0  }
{ 0 -0 1 0  }
{ -1.38859e-17 3.22997 -0.13376 1  }

アニメーション行列 : 
フレーム番号0 : 
{ -0.119891 0.98992 0.0753958 0  }
{ -0.992024 -0.12243 0.0299909 0  }
{ 0.0389194 -0.0711988 0.996703 0  }
{ 2.37716e-17 2.39848 -0.380931 1  }

フレーム番号1 : 
{ -0.116674 0.990304 0.0753958 0  }
{ -0.992416 -0.119206 0.0299909 0  }
{ 0.0386878 -0.0713249 0.996703 0  }
{ 2.37716e-17 2.39848 -0.380931 1  }

フレーム番号2 : 
{ -0.107615 0.99133 0.0753958 0  }
{ -0.993465 -0.110127 0.0299909 0  }
{ 0.038034 -0.0716756 0.996703 0  }
{ 2.37716e-17 2.39848 -0.380931 1  }

フレーム番号3 : 
{ -0.0935963 0.992751 0.0753958 0  }
{ -0.994922 -0.0960786 0.0299909 0  }
{ 0.0370175 -0.0722059 0.996703 0  }
{ 2.37716e-17 2.39848 -0.380931 1  }

フレーム番号4 : 
{ -0.0755026 0.994291 0.0753958 0  }
{ -0.996506 -0.077945 0.0299909 0  }
{ 0.0356964 -0.072868 0.996703 0  }
{ 2.37716e-17 2.39848 -0.380931 1  }

フレーム番号5 : 
{ -0.0542242 0.995678 0.0753958 0  }
{ -0.997945 -0.0566187 0.0299909 0  }
{ 0.0341301 -0.0736147 0.996703 0  }
{ 2.37716e-17 2.39848 -0.380931 1  }

フレーム番号6 : 
{ -0.0306616 0.996682 0.0753958 0  }
{ -0.999005 -0.0330018 0.0299909 0  }
{ 0.0323796 -0.0744012 0.996703 0  }
{ 2.37716e-17 2.39848 -0.380931 1  }

フレーム番号7 : 
{ -0.00572564 0.997137 0.0753958 0  }
{ -0.999518 -0.00800699 0.0299909 0  }
{ 0.0305088 -0.0751878 0.996703 0  }
{ 2.37716e-17 2.39848 -0.380931 1  }

フレーム番号8 : 
{ 0.0196659 0.99696 0.0753958 0  }
{ -0.999398 0.017446 0.0299909 0  }
{ 0.0285844 -0.0759402 0.996703 0  }
{ 2.37716e-17 2.39848 -0.380931 1  }

フレーム番号9 : 
{ 0.0445931 0.996156 0.0753958 0  }
{ -0.998649 0.0424348 0.0299909 0  }
{ 0.0266762 -0.0766313 0.996703 0  }
{ 2.37716e-17 2.39848 -0.380931 1  }

フレーム番号10 : 
{ 0.0681394 0.994823 0.0753958 0  }
{ -0.997366 0.0660406 0.0299909 0  }
{ 0.0248565 -0.0772408 0.996703 0  }
{ 2.37716e-17 2.39848 -0.380931 1  }

フレーム番号11 : 
{ 0.0893963 0.993138 0.0753958 0  }
{ -0.995726 0.0873524 0.0299909 0  }
{ 0.0231991 -0.0777546 0.996703 0  }
{ 2.37716e-17 2.39848 -0.380931 1  }

フレーム番号12 : 
{ 0.107467 0.991346 0.0753958 0  }
{ -0.99397 0.10547 0.0299909 0  }
{ 0.0217794 -0.0781642 0.996703 0  }
{ 2.37716e-17 2.39848 -0.380931 1  }

フレーム番号13 : 
{ 0.121464 0.989728 0.0753958 0  }
{ -0.992381 0.119505 0.0299909 0  }
{ 0.0206727 -0.0784641 0.996703 0  }
{ 2.37716e-17 2.39848 -0.380931 1  }

フレーム番号14 : 
{ 0.130508 0.988576 0.0753958 0  }
{ -0.991246 0.128573 0.0299909 0  }
{ 0.0199544 -0.0786499 0.996703 0  }
{ 2.37716e-17 2.39848 -0.380931 1  }

フレーム番号15 : 
{ 0.13372 0.988147 0.0753958 0  }
{ -0.990823 0.131793 0.0299909 0  }
{ 0.0196988 -0.0787143 0.996703 0  }
{ 2.37716e-17 2.39848 -0.380931 1  }

フレーム番号16 : 
{ 0.130508 0.988576 0.0753958 0  }
{ -0.991246 0.128573 0.0299909 0  }
{ 0.0199544 -0.0786499 0.996703 0  }
{ 2.37716e-17 2.39848 -0.380931 1  }

フレーム番号17 : 
{ 0.121464 0.989728 0.0753958 0  }
{ -0.992381 0.119505 0.0299909 0  }
{ 0.0206727 -0.0784641 0.996703 0  }
{ 2.37716e-17 2.39848 -0.380931 1  }

フレーム番号18 : 
{ 0.107467 0.991346 0.0753958 0  }
{ -0.99397 0.10547 0.0299909 0  }
{ 0.0217794 -0.0781642 0.996703 0  }
{ 2.37716e-17 2.39848 -0.380931 1  }

フレーム番号19 : 
{ 0.0893963 0.993138 0.0753958 0  }
{ -0.995726 0.0873524 0.0299909 0  }
{ 0.0231991 -0.0777546 0.996703 0  }
{ 2.37716e-17 2.39848 -0.380931 1  }

フレーム番号20 : 
{ 0.0681394 0.994823 0.0753958 0  }
{ -0.997366 0.0660406 0.0299909 0  }
{ 0.0248565 -0.0772408 0.996703 0  }
{ 2.37716e-17 2.39848 -0.380931 1  }

フレーム番号21 : 
{ 0.0445931 0.996156 0.0753958 0  }
{ -0.998649 0.0424348 0.0299909 0  }
{ 0.0266762 -0.0766313 0.996703 0  }
{ 2.37716e-17 2.39848 -0.380931 1  }

フレーム番号22 : 
{ 0.0196659 0.99696 0.0753958 0  }
{ -0.999398 0.0174459 0.0299909 0  }
{ 0.0285844 -0.0759402 0.996703 0  }
{ 2.37716e-17 2.39848 -0.380931 1  }

フレーム番号23 : 
{ -0.00572565 0.997137 0.0753958 0  }
{ -0.999518 -0.008007 0.0299909 0  }
{ 0.0305088 -0.0751878 0.996703 0  }
{ 2.37716e-17 2.39848 -0.380931 1  }

フレーム番号24 : 
{ -0.0306616 0.996682 0.0753958 0  }
{ -0.999005 -0.0330018 0.0299909 0  }
{ 0.0323796 -0.0744012 0.996703 0  }
{ 2.37716e-17 2.39848 -0.380931 1  }

フレーム番号25 : 
{ -0.0542242 0.995678 0.0753958 0  }
{ -0.997945 -0.0566187 0.0299909 0  }
{ 0.0341301 -0.0736147 0.996703 0  }
{ 2.37716e-17 2.39848 -0.380931 1  }

フレーム番号26 : 
{ -0.0755026 0.994291 0.0753958 0  }
{ -0.996506 -0.077945 0.0299909 0  }
{ 0.0356964 -0.072868 0.996703 0  }
{ 2.37716e-17 2.39848 -0.380931 1  }

フレーム番号27 : 
{ -0.0935963 0.992751 0.0753958 0  }
{ -0.994922 -0.0960786 0.0299909 0  }
{ 0.0370175 -0.0722059 0.996703 0  }
{ 2.37716e-17 2.39848 -0.380931 1  }

フレーム番号28 : 
{ -0.107615 0.99133 0.0753958 0  }
{ -0.993465 -0.110127 0.0299909 0  }
{ 0.038034 -0.0716756 0.996703 0  }
{ 2.37716e-17 2.39848 -0.380931 1  }

フレーム番号29 : 
{ -0.116674 0.990304 0.0753958 0  }
{ -0.992416 -0.119206 0.0299909 0  }
{ 0.0386878 -0.0713249 0.996703 0  }
{ 2.37716e-17 2.39848 -0.380931 1  }

フレーム番号30 : 
{ -0.119891 0.98992 0.0753958 0  }
{ -0.992024 -0.12243 0.0299909 0  }
{ 0.0389194 -0.0711988 0.996703 0  }
{ 2.37716e-17 2.39848 -0.380931 1  }

