
[MeshData]

ボーン番号 : 3

ボーン名 : {  }

オフセット行列 : 
{ 1 6.93889e-18 1.4896e-08 0  }
{ -6.93889e-18 1 -2.19041e-16 0  }
{ -1.4896e-08 2.19041e-16 1 0  }
{ -1.06007e-17 7 -0.13376 1  }

アニメーション行列 : 
フレーム番号0 : 
{ 0.98752 0.151387 -0.043424 0  }
{ -0.149956 0.98809 0.0345225 0  }
{ 0.0481331 -0.02758 0.99846 0  }
{ -0.575205 6.11591 -0.140976 1  }

フレーム番号1 : 
{ 0.988007 0.148177 -0.043424 0  }
{ -0.146745 0.988572 0.0345225 0  }
{ 0.0480432 -0.0277363 0.99846 0  }
{ -0.563123 6.11776 -0.140976 1  }

フレーム番号2 : 
{ 0.989321 0.139137 -0.043424 0  }
{ -0.1377 0.989872 0.0345225 0  }
{ 0.0477876 -0.0281744 0.99846 0  }
{ -0.529093 6.12276 -0.140976 1  }

フレーム番号3 : 
{ 0.991188 0.125144 -0.043424 0  }
{ -0.123699 0.991719 0.0345225 0  }
{ 0.0473847 -0.0288468 0.99846 0  }
{ -0.476415 6.12986 -0.140976 1  }

フレーム番号4 : 
{ 0.993302 0.107074 -0.043424 0  }
{ -0.105619 0.993807 0.0345225 0  }
{ 0.0468516 -0.0297049 0.99846 0  }
{ -0.408387 6.13792 -0.140976 1  }

フレーム番号5 : 
{ 0.995365 0.0858093 -0.043424 0  }
{ -0.084344 0.995838 0.0345225 0  }
{ 0.0462057 -0.0306999 0.99846 0  }
{ -0.328333 6.14579 -0.140976 1  }

フレーム番号6 : 
{ 0.997116 0.0622453 -0.043424 0  }
{ -0.0607692 0.997555 0.0345225 0  }
{ 0.0454667 -0.0317841 0.99846 0  }
{ -0.239618 6.15251 -0.140976 1  }

フレーム番号7 : 
{ 0.998361 0.0372886 -0.043424 0  }
{ -0.035802 0.998762 0.0345225 0  }
{ 0.0446576 -0.0329113 0.99846 0  }
{ -0.145657 6.15733 -0.140976 1  }

フレーム番号8 : 
{ 0.998986 0.0118556 -0.043424 0  }
{ -0.0103593 0.99935 0.0345225 0  }
{ 0.0438051 -0.0340377 0.99846 0  }
{ -0.0498997 6.15982 -0.140976 1  }

フレーム番号9 : 
{ 0.99897 -0.0131321 -0.043424 0  }
{ 0.0146371 0.999297 0.0345225 0  }
{ 0.0429401 -0.0351226 0.99846 0  }
{ 0.0441848 6.15989 -0.140976 1  }

フレーム番号10 : 
{ 0.99838 -0.0367537 -0.043424 0  }
{ 0.038266 0.998671 0.0345225 0  }
{ 0.0420975 -0.0361283 0.99846 0  }
{ 0.133128 6.15779 -0.140976 1  }

フレーム番号11 : 
{ 0.997366 -0.0580939 -0.043424 0  }
{ 0.059612 0.997624 0.0345225 0  }
{ 0.0413153 -0.0370202 0.99846 0  }
{ 0.213484 6.15409 -0.140976 1  }

フレーム番号12 : 
{ 0.996143 -0.0762465 -0.043424 0  }
{ 0.077769 0.996374 0.0345225 0  }
{ 0.0406343 -0.0377664 0.99846 0  }
{ 0.281839 6.14958 -0.140976 1  }

フレーム番号13 : 
{ 0.994966 -0.0903145 -0.043424 0  }
{ 0.0918402 0.995175 0.0345225 0  }
{ 0.0400966 -0.0383368 0.99846 0  }
{ 0.334815 6.14522 -0.140976 1  }

フレーム番号14 : 
{ 0.994099 -0.0994079 -0.043424 0  }
{ 0.100935 0.994294 0.0345225 0  }
{ 0.0397444 -0.0387018 0.99846 0  }
{ 0.369058 6.142 -0.140976 1  }

フレーム番号15 : 
{ 0.993771 -0.102638 -0.043424 0  }
{ 0.104166 0.993961 0.0345225 0  }
{ 0.0396185 -0.0388307 0.99846 0  }
{ 0.38122 6.14078 -0.140976 1  }

フレーム番号16 : 
{ 0.994099 -0.0994079 -0.043424 0  }
{ 0.100935 0.994294 0.0345225 0  }
{ 0.0397444 -0.0387018 0.99846 0  }
{ 0.369058 6.142 -0.140976 1  }

フレーム番号17 : 
{ 0.994966 -0.0903145 -0.043424 0  }
{ 0.0918402 0.995175 0.0345225 0  }
{ 0.0400966 -0.0383368 0.99846 0  }
{ 0.334815 6.14522 -0.140976 1  }

フレーム番号18 : 
{ 0.996143 -0.0762465 -0.043424 0  }
{ 0.077769 0.996374 0.0345225 0  }
{ 0.0406343 -0.0377664 0.99846 0  }
{ 0.281839 6.14958 -0.140976 1  }

フレーム番号19 : 
{ 0.997366 -0.0580939 -0.043424 0  }
{ 0.059612 0.997624 0.0345225 0  }
{ 0.0413153 -0.0370202 0.99846 0  }
{ 0.213484 6.15409 -0.140976 1  }

フレーム番号20 : 
{ 0.99838 -0.0367537 -0.043424 0  }
{ 0.038266 0.998671 0.0345225 0  }
{ 0.0420975 -0.0361283 0.99846 0  }
{ 0.133128 6.15779 -0.140976 1  }

フレーム番号21 : 
{ 0.99897 -0.0131321 -0.043424 0  }
{ 0.0146371 0.999297 0.0345225 0  }
{ 0.0429401 -0.0351226 0.99846 0  }
{ 0.0441847 6.15989 -0.140976 1  }

フレーム番号22 : 
{ 0.998986 0.0118556 -0.043424 0  }
{ -0.0103593 0.99935 0.0345225 0  }
{ 0.0438051 -0.0340377 0.99846 0  }
{ -0.0498997 6.15982 -0.140976 1  }

フレーム番号23 : 
{ 0.998361 0.0372886 -0.043424 0  }
{ -0.035802 0.998762 0.0345225 0  }
{ 0.0446576 -0.0329113 0.99846 0  }
{ -0.145657 6.15733 -0.140976 1  }

フレーム番号24 : 
{ 0.997116 0.0622453 -0.043424 0  }
{ -0.0607692 0.997555 0.0345225 0  }
{ 0.0454667 -0.0317841 0.99846 0  }
{ -0.239618 6.15251 -0.140976 1  }

フレーム番号25 : 
{ 0.995365 0.0858093 -0.043424 0  }
{ -0.084344 0.995838 0.0345225 0  }
{ 0.0462057 -0.0306999 0.99846 0  }
{ -0.328333 6.14579 -0.140976 1  }

フレーム番号26 : 
{ 0.993302 0.107074 -0.043424 0  }
{ -0.105619 0.993807 0.0345225 0  }
{ 0.0468516 -0.0297049 0.99846 0  }
{ -0.408387 6.13792 -0.140976 1  }

フレーム番号27 : 
{ 0.991188 0.125144 -0.043424 0  }
{ -0.123699 0.991719 0.0345225 0  }
{ 0.0473847 -0.0288468 0.99846 0  }
{ -0.476415 6.12986 -0.140976 1  }

フレーム番号28 : 
{ 0.989321 0.139137 -0.043424 0  }
{ -0.1377 0.989872 0.0345225 0  }
{ 0.0477876 -0.0281744 0.99846 0  }
{ -0.529093 6.12276 -0.140976 1  }

フレーム番号29 : 
{ 0.988007 0.148177 -0.043424 0  }
{ -0.146745 0.988572 0.0345225 0  }
{ 0.0480432 -0.0277363 0.99846 0  }
{ -0.563123 6.11776 -0.140976 1  }

フレーム番号30 : 
{ 0.98752 0.151387 -0.043424 0  }
{ -0.149956 0.98809 0.0345225 0  }
{ 0.0481331 -0.02758 0.99846 0  }
{ -0.575205 6.11591 -0.140976 1  }

