
[MeshData]

ボーン番号 : 16

ボーン名 : {  }

オフセット行列 : 
{ 4.12996e-16 0.140103 -0.990137 0  }
{ -1.42566e-15 -0.990137 -0.140103 0  }
{ -1 1.46946e-15 -2.09184e-16 0  }
{ -0.832622 0.527947 -0.134428 1  }

アニメーション行列 : 
フレーム番号0 : 
{ 6.36073e-08 0.197958 -0.980211 0  }
{ 1.73691e-08 -0.980211 -0.197958 0  }
{ -1 -4.43376e-09 -6.57869e-08 0  }
{ -1.11762 0.369318 -1.47368 1  }

フレーム番号1 : 
{ 0.000256114 0.184968 -0.982744 0  }
{ -0.000425159 -0.982744 -0.184969 0  }
{ -1 0.000465196 -0.000173053 0  }
{ -1.11826 0.351286 -1.44887 1  }

フレーム番号2 : 
{ 0.000954907 0.170753 -0.985313 0  }
{ -0.00155554 -0.985312 -0.170754 0  }
{ -0.999998 0.00169575 -0.000675269 0  }
{ -1.12001 0.302638 -1.37745 1  }

フレーム番号3 : 
{ 0.00200136 0.159877 -0.987135 0  }
{ -0.00309005 -0.987131 -0.159883 0  }
{ -0.999993 0.00337028 -0.00148158 0  }
{ -1.12265 0.233746 -1.26262 1  }

フレーム番号4 : 
{ 0.00328406 0.151984 -0.988377 0  }
{ -0.00468085 -0.98837 -0.151999 0  }
{ -0.999984 0.00512562 -0.00253445 0  }
{ -1.12583 0.156786 -1.10744 1  }

フレーム番号5 : 
{ 0.00464947 0.146712 -0.989168 0  }
{ -0.0060048 -0.989157 -0.146739 0  }
{ -0.999971 0.00662202 -0.00371808 0  }
{ -1.12914 0.0843406 -0.916438 1  }

フレーム番号6 : 
{ 0.00590048 0.1437 -0.989604 0  }
{ -0.00682093 -0.989592 -0.143739 0  }
{ -0.999959 0.00759815 -0.0048589 0  }
{ -1.13208 0.0279019 -0.696581 1  }

フレーム番号7 : 
{ 0.00682212 0.142584 -0.989759 0  }
{ -0.00700745 -0.989751 -0.142631 0  }
{ -0.999952 0.00790873 -0.00575305 0  }
{ -1.13415 -0.00363738 -0.457475 1  }

フレーム番号8 : 
{ 0.00722623 0.143004 -0.989696 0  }
{ -0.00657231 -0.989693 -0.143051 0  }
{ -0.999952 0.00753831 -0.00621189 0  }
{ -1.13495 -0.00527136 -0.21081 1  }

フレーム番号9 : 
{ 0.00699993 0.144592 -0.989467 0  }
{ -0.00563584 -0.989469 -0.144633 0  }
{ -0.99996 0.00658889 -0.00611132 0  }
{ -1.13425 0.0233278 0.0308027 1  }

フレーム番号10 : 
{ 0.00614281 0.14698 -0.98912 0  }
{ -0.00439146 -0.989126 -0.147008 0  }
{ -0.999972 0.00524673 -0.00543055 0  }
{ -1.1321 0.077708 0.255229 1  }

フレーム番号11 : 
{ 0.00478152 0.149791 -0.988706 0  }
{ -0.00305641 -0.988711 -0.149806 0  }
{ -0.999984 0.0037382 -0.00426972 0  }
{ -1.12882 0.149258 0.452066 1  }

フレーム番号12 : 
{ 0.00315814 0.152645 -0.988276 0  }
{ -0.00182688 -0.988279 -0.152651 0  }
{ -0.999993 0.00228756 -0.00284226 0  }
{ -1.12498 0.226408 0.613365 1  }

フレーム番号13 : 
{ 0.00159436 0.155158 -0.987888 0  }
{ -0.00085031 -0.987889 -0.155159 0  }
{ -0.999998 0.00108739 -0.00144312 0  }
{ -1.12132 0.296166 0.733588 1  }

フレーム番号14 : 
{ 0.000438324 0.156946 -0.987607 0  }
{ -0.000221274 -0.987607 -0.156946 0  }
{ -1 0.000287325 -0.000398164 0  }
{ -1.11864 0.345747 0.808761 1  }

フレーム番号15 : 
{ -4.05998e-09 0.157626 -0.987499 0  }
{ 6.36043e-08 -0.987499 -0.157626 0  }
{ -1 -6.34491e-08 -6.01649e-09 0  }
{ -1.11762 0.364184 0.834942 1  }

フレーム番号16 : 
{ 0.000438588 0.158128 -0.987418 0  }
{ -0.000220749 -0.987419 -0.158129 0  }
{ -1 0.000287325 -0.000398164 0  }
{ -1.11864 0.345747 0.808761 1  }

フレーム番号17 : 
{ 0.00159812 0.159544 -0.987189 0  }
{ -0.00084322 -0.98719 -0.159546 0  }
{ -0.999998 0.00108739 -0.00144312 0  }
{ -1.12132 0.296166 0.733588 1  }

フレーム番号18 : 
{ 0.00317483 0.16174 -0.986828 0  }
{ -0.00179772 -0.986831 -0.161746 0  }
{ -0.999993 0.00228756 -0.00284226 0  }
{ -1.12498 0.226408 0.613365 1  }

フレーム番号19 : 
{ 0.00482677 0.164584 -0.986351 0  }
{ -0.00298445 -0.986356 -0.164599 0  }
{ -0.999984 0.0037382 -0.00426972 0  }
{ -1.12882 0.149258 0.452066 1  }

フレーム番号20 : 
{ 0.00623463 0.167942 -0.985777 0  }
{ -0.00426009 -0.985783 -0.167969 0  }
{ -0.999972 0.00524673 -0.00543054 0  }
{ -1.1321 0.077708 0.255229 1  }

フレーム番号21 : 
{ 0.00715187 0.171676 -0.985128 0  }
{ -0.00544174 -0.985132 -0.171716 0  }
{ -0.99996 0.00658889 -0.00611132 0  }
{ -1.13425 0.0233278 0.0308027 1  }

フレーム番号22 : 
{ 0.00743955 0.175644 -0.984426 0  }
{ -0.00632982 -0.984425 -0.175692 0  }
{ -0.999952 0.00753831 -0.00621189 0  }
{ -1.13495 -0.00527135 -0.21081 1  }

フレーム番号23 : 
{ 0.00708079 0.1797 -0.983696 0  }
{ -0.00674597 -0.98369 -0.179748 0  }
{ -0.999952 0.00790874 -0.00575304 0  }
{ -1.13415 -0.00363737 -0.457475 1  }

フレーム番号24 : 
{ 0.00617209 0.183692 -0.982964 0  }
{ -0.00657617 -0.982954 -0.183732 0  }
{ -0.999959 0.00759815 -0.0048589 0  }
{ -1.13208 0.0279019 -0.696581 1  }

フレーム番号25 : 
{ 0.00489367 0.187467 -0.982259 0  }
{ -0.00580752 -0.982248 -0.187494 0  }
{ -0.999971 0.00662202 -0.00371808 0  }
{ -1.12914 0.0843406 -0.916438 1  }

フレーム番号26 : 
{ 0.00346624 0.190875 -0.981608 0  }
{ -0.00454759 -0.981601 -0.190889 0  }
{ -0.999984 0.00512562 -0.00253444 0  }
{ -1.12583 0.156786 -1.10744 1  }

フレーム番号27 : 
{ 0.00210655 0.193767 -0.981045 0  }
{ -0.00301931 -0.981042 -0.193773 0  }
{ -0.999993 0.00337028 -0.00148157 0  }
{ -1.12265 0.233746 -1.26262 1  }

フレーム番号28 : 
{ 0.000994544 0.196004 -0.980603 0  }
{ -0.0015305 -0.980602 -0.196005 0  }
{ -0.999998 0.00169575 -0.000675268 0  }
{ -1.12001 0.302638 -1.37745 1  }

フレーム番号29 : 
{ 0.000261498 0.197446 -0.980314 0  }
{ -0.000421869 -0.980314 -0.197446 0  }
{ -1 0.000465196 -0.000173053 0  }
{ -1.11826 0.351286 -1.44887 1  }

フレーム番号30 : 
{ 6.36073e-08 0.197958 -0.980211 0  }
{ 1.73691e-08 -0.980211 -0.197958 0  }
{ -1 -4.43376e-09 -6.57869e-08 0  }
{ -1.11762 0.369318 -1.47368 1  }

