
[MeshData]

ボーン番号 : 17

ボーン名 : {  }

オフセット行列 : 
{ 1 -2.73103e-15 -8.99609e-16 0  }
{ -2.73103e-15 -1 -1.22465e-16 0  }
{ -8.99609e-16 1.22465e-16 -1 0  }
{ -0.832622 0.523536 0.655465 1  }

アニメーション行列 : 
フレーム番号0 : 
{ 1 4.43376e-09 6.57869e-08 0  }
{ 8.28619e-09 -0.998277 -0.0586753 0  }
{ 6.54134e-08 0.0586753 -0.998277 0  }
{ -1.11762 0.318567 -0.685405 1  }

フレーム番号1 : 
{ 1 -0.000465196 0.000173053 0  }
{ -0.000456848 -0.998966 -0.0454591 0  }
{ 0.000194022 0.045459 -0.998966 0  }
{ -1.11841 0.310972 -0.659999 1  }

フレーム番号2 : 
{ 0.999998 -0.00169575 0.000675269 0  }
{ -0.00167398 -0.999517 -0.0310252 0  }
{ 0.000727554 0.031024 -0.999518 0  }
{ -1.1206 0.273724 -0.588076 1  }

フレーム番号3 : 
{ 0.999993 -0.00337028 0.00148158 0  }
{ -0.00333996 -0.999794 -0.0200057 0  }
{ 0.0015487 0.0200006 -0.999799 0  }
{ -1.12389 0.213537 -0.472972 1  }

フレーム番号4 : 
{ 0.999984 -0.00512562 0.00253445 0  }
{ -0.00509479 -0.999915 -0.0120251 0  }
{ 0.00259587 0.012012 -0.999924 0  }
{ -1.12791 0.142887 -0.317658 1  }

フレーム番号5 : 
{ 0.999971 -0.00662202 0.00371808 0  }
{ -0.00659698 -0.999956 -0.00670666 0  }
{ 0.00376233 0.00668194 -0.999971 0  }
{ -1.13214 0.0746517 -0.126598 1  }

フレーム番号6 : 
{ 0.999959 -0.00759815 0.0048589 0  }
{ -0.00758033 -0.999965 -0.0036749 0  }
{ 0.00488665 0.00363792 -0.999981 0  }
{ -1.13597 0.0206175 0.0932812 1  }

フレーム番号7 : 
{ 0.999952 -0.00790873 0.00575305 0  }
{ -0.00789413 -0.999966 -0.00255668 0  }
{ 0.00577307 0.00251114 -0.99998 0  }
{ -1.13875 -0.0100318 0.332391 1  }

フレーム番号8 : 
{ 0.999952 -0.00753831 0.00621189 0  }
{ -0.0075199 -0.999967 -0.00298139 0  }
{ 0.00623416 0.00293453 -0.999976 0  }
{ -1.13991 -0.0120002 0.579051 1  }

フレーム番号9 : 
{ 0.99996 -0.00658889 0.00611132 0  }
{ -0.00656096 -0.999968 -0.0045792 0  }
{ 0.00614129 0.00453891 -0.999971 0  }
{ -1.13913 0.0153317 0.820652 1  }

フレーム番号10 : 
{ 0.999972 -0.00524673 0.00543055 0  }
{ -0.00520878 -0.999962 -0.00697976 0  }
{ 0.00546696 0.00695128 -0.999961 0  }
{ -1.13644 0.0678064 1.04506 1  }

フレーム番号11 : 
{ 0.999984 -0.0037382 0.00426972 0  }
{ -0.00369617 -0.999945 -0.00980848 0  }
{ 0.00430615 0.00979254 -0.999943 0  }
{ -1.13223 0.137112 1.24187 1  }

フレーム番号12 : 
{ 0.999993 -0.00228756 0.00284226 0  }
{ -0.00225133 -0.999917 -0.012685 0  }
{ 0.00287104 0.0126786 -0.999915 0  }
{ -1.12725 0.211983 1.40314 1  }

フレーム番号13 : 
{ 0.999998 -0.00108739 0.00144312 0  }
{ -0.0010653 -0.999884 -0.015223 0  }
{ 0.0014595 0.0152214 -0.999883 0  }
{ -1.12248 0.279733 1.52332 1  }

フレーム番号14 : 
{ 1 -0.000287325 0.000398164 0  }
{ -0.000280502 -0.999855 -0.0170316 0  }
{ 0.000402999 0.0170315 -0.999855 0  }
{ -1.11896 0.327883 1.59846 1  }

フレーム番号15 : 
{ 1 6.34491e-08 6.01649e-09 0  }
{ 6.35458e-08 -0.999843 -0.0177205 0  }
{ 4.89119e-09 0.0177205 -0.999843 0  }
{ -1.11762 0.345777 1.62463 1  }

フレーム番号16 : 
{ 1 -0.000287325 0.000398164 0  }
{ -0.000280019 -0.999834 -0.018229 0  }
{ 0.000403335 0.0182289 -0.999834 0  }
{ -1.11896 0.326937 1.59844 1  }

フレーム番号17 : 
{ 0.999998 -0.00108739 0.00144312 0  }
{ -0.0010588 -0.999806 -0.0196642 0  }
{ 0.00146422 0.0196626 -0.999806 0  }
{ -1.12248 0.276225 1.52324 1  }

フレーム番号18 : 
{ 0.999993 -0.00228756 0.00284226 0  }
{ -0.00222479 -0.999758 -0.0218937 0  }
{ 0.00289165 0.0218872 -0.999756 0  }
{ -1.12727 0.20471 1.40297 1  }

フレーム番号19 : 
{ 0.999984 -0.0037382 0.00426972 0  }
{ -0.00363126 -0.999686 -0.0247854 0  }
{ 0.00436103 0.0247695 -0.999684 0  }
{ -1.13228 0.125283 1.2416 1  }

フレーム番号20 : 
{ 0.999972 -0.00524673 0.00543054 0  }
{ -0.00509156 -0.999589 -0.0282027 0  }
{ 0.00557629 0.0281743 -0.999587 0  }
{ -1.13653 0.0510442 1.04467 1  }

フレーム番号21 : 
{ 0.99996 -0.00658889 0.00611132 0  }
{ -0.00639006 -0.999467 -0.0320032 0  }
{ 0.00631893 0.0319628 -0.999469 0  }
{ -1.13927 -0.00632809 0.820135 1  }

フレーム番号22 : 
{ 0.999952 -0.00753831 0.00621189 0  }
{ -0.00730969 -0.999324 -0.0360385 0  }
{ 0.00647935 0.0359914 -0.999331 0  }
{ -1.1401 -0.0381087 0.578396 1  }

フレーム番号23 : 
{ 0.999952 -0.00790874 0.00575304 0  }
{ -0.00767147 -0.999164 -0.0401563 0  }
{ 0.00606582 0.0401102 -0.999177 0  }
{ -1.13898 -0.0397275 0.33159 1  }

フレーム番号24 : 
{ 0.999959 -0.00759815 0.0048589 0  }
{ -0.00737603 -0.998995 -0.0442035 0  }
{ 0.00518988 0.0441658 -0.999011 0  }
{ -1.13621 -0.0113909 0.0923357 1  }

フレーム番号25 : 
{ 0.999971 -0.00662202 0.00371808 0  }
{ -0.00643586 -0.998825 -0.0480281 0  }
{ 0.00403175 0.0480027 -0.998839 0  }
{ -1.13235 0.0420177 -0.127674 1  }

フレーム番号26 : 
{ 0.999984 -0.00512562 0.00253444 0  }
{ -0.00498836 -0.998662 -0.0514807 0  }
{ 0.00279492 0.0514672 -0.998671 0  }
{ -1.12806 0.111727 -0.318823 1  }

フレーム番号27 : 
{ 0.999993 -0.00337028 0.00148157 0  }
{ -0.00328467 -0.998513 -0.0544148 0  }
{ 0.00166276 0.0544096 -0.998517 0  }
{ -1.12398 0.186363 -0.474136 1  }

フレーム番号28 : 
{ 0.999998 -0.00169575 0.000675268 0  }
{ -0.00165474 -0.998391 -0.0566869 0  }
{ 0.000770308 0.0566857 -0.998392 0  }
{ -1.12063 0.253459 -0.589079 1  }

フレーム番号29 : 
{ 1 -0.000465196 0.000173053 0  }
{ -0.000454345 -0.998308 -0.0581543 0  }
{ 0.000199814 0.0581542 -0.998308 0  }
{ -1.11842 0.300947 -0.660575 1  }

フレーム番号30 : 
{ 1 4.43376e-09 6.57869e-08 0  }
{ 8.28619e-09 -0.998277 -0.0586753 0  }
{ 6.54134e-08 0.0586753 -0.998277 0  }
{ -1.11762 0.318567 -0.685405 1  }

