
[MeshData]

ボーン番号 : 13

ボーン名 : {  }

オフセット行列 : 
{ 1 3.81639e-16 -1.66382e-09 0  }
{ 3.71162e-16 -1 -6.29682e-09 0  }
{ -1.66382e-09 6.29682e-09 -1 0  }
{ -4.13712 5.39639 -0.121232 1  }

アニメーション行列 : 
フレーム番号0 : 
{ -0.0574587 0.687804 -0.723619 0  }
{ -0.0699883 -0.725808 -0.684327 0  }
{ -0.995892 0.0113243 0.0898422 0  }
{ -1.50346 1.92773 1.81178 1  }

フレーム番号1 : 
{ -0.0517503 0.705289 -0.707028 0  }
{ -0.0714384 -0.708778 -0.701805 0  }
{ -0.996102 0.0141903 0.0870643 0  }
{ -1.51973 1.87865 1.76404 1  }

フレーム番号2 : 
{ -0.03625 0.752226 -0.657908 0  }
{ -0.0748272 -0.658535 -0.74882 0  }
{ -0.996537 0.0220847 0.0801589 0  }
{ -1.56387 1.74693 1.62297 1  }

フレーム番号3 : 
{ -0.0140722 0.817738 -0.575418 0  }
{ -0.0781659 -0.574614 -0.814684 0  }
{ -0.996841 0.0335137 0.0720054 0  }
{ -1.62696 1.56313 1.38685 1  }

フレーム番号4 : 
{ 0.010955 0.888466 -0.458811 0  }
{ -0.0794157 -0.456616 -0.886112 0  }
{ -0.996781 0.0461442 0.065556 0  }
{ -1.69807 1.36465 1.05419 1  }

フレーム番号5 : 
{ 0.0346317 0.95008 -0.310078 0  }
{ -0.0772371 -0.306792 -0.948638 0  }
{ -0.996411 0.0568025 0.0627567 0  }
{ -1.76528 1.19147 0.631063 1  }

フレーム番号6 : 
{ 0.0529293 0.98936 -0.135519 0  }
{ -0.0714909 -0.131607 -0.988721 0  }
{ -0.996036 0.0620207 0.0637644 0  }
{ -1.81722 1.08037 0.135353 1  }

フレーム番号7 : 
{ 0.0626697 0.996563 0.0541782 0  }
{ -0.0633438 0.0581472 -0.996296 0  }
{ -0.996022 0.0590058 0.0667701 0  }
{ -1.84493 1.05841 -0.403037 1  }

フレーム番号8 : 
{ 0.0621546 0.967429 0.245393 0  }
{ -0.0549211 0.248811 -0.966994 0  }
{ -0.996554 0.0466259 0.068597 0  }
{ -1.84363 1.13748 -0.946171 1  }

フレーム番号9 : 
{ 0.0515254 0.904143 0.424112 0  }
{ -0.0486009 0.426443 -0.903208 0  }
{ -0.997488 0.025926 0.0659148 0  }
{ -1.81367 1.31168 -1.45501 1  }

フレーム番号10 : 
{ 0.0327179 0.81488 0.578705 0  }
{ -0.0461915 0.579629 -0.81357 0  }
{ -0.998397 -0.000112955 0.0566047 0  }
{ -1.76044 1.55854 -1.89696 1  }

フレーム番号11 : 
{ 0.00902322 0.71211 0.70201 0  }
{ -0.048289 0.70153 -0.711002 0  }
{ -0.998793 -0.0274838 0.0407171 0  }
{ -1.69319 1.84359 -2.25162 1  }

フレーム番号12 : 
{ -0.0155806 0.610253 0.792053 0  }
{ -0.0540379 0.790478 -0.610103 0  }
{ -0.998417 -0.0523066 0.0206607 0  }
{ -1.62315 2.12679 -2.51273 1  }

フレーム番号13 : 
{ -0.0370981 0.523493 0.851222 0  }
{ -0.0613533 0.849008 -0.524806 0  }
{ -0.997426 -0.0716946 0.000621434 0  }
{ -1.56173 2.3685 -2.68602 1  }

フレーム番号14 : 
{ -0.0519984 0.464292 0.884154 0  }
{ -0.0675172 0.881692 -0.46697 0  }
{ -0.996362 -0.0839773 -0.0144989 0  }
{ -1.5191 2.53369 -2.78346 1  }

フレーム番号15 : 
{ -0.0574587 0.442742 0.894806 0  }
{ -0.0699883 0.892295 -0.445994 0  }
{ -0.995892 -0.0882522 -0.0202833 0  }
{ -1.50346 2.59388 -2.8152 1  }

フレーム番号16 : 
{ -0.0519984 0.464292 0.884154 0  }
{ -0.0675172 0.881692 -0.46697 0  }
{ -0.996362 -0.0839773 -0.0144989 0  }
{ -1.5191 2.53369 -2.78346 1  }

フレーム番号17 : 
{ -0.0370981 0.523493 0.851222 0  }
{ -0.0613533 0.849008 -0.524806 0  }
{ -0.997426 -0.0716946 0.000621434 0  }
{ -1.56173 2.3685 -2.68602 1  }

フレーム番号18 : 
{ -0.0155806 0.610253 0.792053 0  }
{ -0.0540379 0.790478 -0.610103 0  }
{ -0.998417 -0.0523066 0.0206607 0  }
{ -1.62315 2.12679 -2.51273 1  }

フレーム番号19 : 
{ 0.00902322 0.71211 0.70201 0  }
{ -0.048289 0.70153 -0.711002 0  }
{ -0.998793 -0.0274838 0.0407171 0  }
{ -1.69319 1.84359 -2.25162 1  }

フレーム番号20 : 
{ 0.0327179 0.81488 0.578705 0  }
{ -0.0461915 0.579629 -0.81357 0  }
{ -0.998397 -0.000112955 0.0566047 0  }
{ -1.76044 1.55854 -1.89696 1  }

フレーム番号21 : 
{ 0.0515254 0.904143 0.424112 0  }
{ -0.0486009 0.426443 -0.903208 0  }
{ -0.997488 0.0259259 0.0659148 0  }
{ -1.81367 1.31168 -1.45501 1  }

フレーム番号22 : 
{ 0.0621546 0.967429 0.245393 0  }
{ -0.0549211 0.248811 -0.966994 0  }
{ -0.996554 0.0466259 0.068597 0  }
{ -1.84363 1.13748 -0.946171 1  }

フレーム番号23 : 
{ 0.0626697 0.996563 0.0541783 0  }
{ -0.0633438 0.0581472 -0.996296 0  }
{ -0.996022 0.0590058 0.0667701 0  }
{ -1.84493 1.05841 -0.403037 1  }

フレーム番号24 : 
{ 0.0529293 0.98936 -0.135519 0  }
{ -0.0714909 -0.131607 -0.988721 0  }
{ -0.996036 0.0620207 0.0637644 0  }
{ -1.81722 1.08037 0.135352 1  }

フレーム番号25 : 
{ 0.0346317 0.95008 -0.310078 0  }
{ -0.0772371 -0.306792 -0.948638 0  }
{ -0.996411 0.0568025 0.0627567 0  }
{ -1.76528 1.19147 0.631063 1  }

フレーム番号26 : 
{ 0.010955 0.888466 -0.458811 0  }
{ -0.0794157 -0.456616 -0.886112 0  }
{ -0.996781 0.0461442 0.065556 0  }
{ -1.69807 1.36465 1.05419 1  }

フレーム番号27 : 
{ -0.0140722 0.817738 -0.575418 0  }
{ -0.0781659 -0.574614 -0.814684 0  }
{ -0.996841 0.0335137 0.0720054 0  }
{ -1.62696 1.56313 1.38685 1  }

フレーム番号28 : 
{ -0.03625 0.752226 -0.657908 0  }
{ -0.0748272 -0.658535 -0.74882 0  }
{ -0.996537 0.0220847 0.0801589 0  }
{ -1.56387 1.74693 1.62297 1  }

フレーム番号29 : 
{ -0.0517503 0.705289 -0.707028 0  }
{ -0.0714384 -0.708778 -0.701805 0  }
{ -0.996102 0.0141903 0.0870642 0  }
{ -1.51973 1.87865 1.76404 1  }

フレーム番号30 : 
{ -0.0574587 0.687804 -0.723619 0  }
{ -0.0699883 -0.725808 -0.684327 0  }
{ -0.995892 0.0113243 0.0898422 0  }
{ -1.50346 1.92773 1.81178 1  }

