
[MeshData]

ボーン番号 : 2

ボーン名 : {  }

オフセット行列 : 
{ -0.0263067 0.999654 5.16809e-26 0  }
{ 0.999654 0.0263067 1.49012e-08 0  }
{ 1.4896e-08 3.92e-10 -1 0  }
{ 2.77652e-17 5.85348 -0.13376 1  }

アニメーション行列 : 
フレーム番号0 : 
{ -0.175882 0.983765 0.0356529 0  }
{ 0.983234 0.177328 -0.0425008 0  }
{ -0.0481331 0.02758 -0.99846 0  }
{ -0.403277 4.98305 -0.180557 1  }

フレーム番号1 : 
{ -0.172685 0.984332 0.0356529 0  }
{ 0.983805 0.174132 -0.0425008 0  }
{ -0.0480432 0.0277363 -0.99846 0  }
{ -0.394877 4.98434 -0.180557 1  }

フレーム番号2 : 
{ -0.163678 0.985869 0.0356529 0  }
{ 0.985356 0.165129 -0.0425008 0  }
{ -0.0477876 0.0281744 -0.99846 0  }
{ -0.371217 4.98785 -0.180557 1  }

フレーム番号3 : 
{ -0.149731 0.988084 0.0356529 0  }
{ 0.987591 0.15119 -0.0425008 0  }
{ -0.0473847 0.0288468 -0.99846 0  }
{ -0.334592 4.99283 -0.180557 1  }

フレーム番号4 : 
{ -0.131713 0.990647 0.0356529 0  }
{ 0.99018 0.13318 -0.0425008 0  }
{ -0.0468516 0.0297049 -0.99846 0  }
{ -0.287293 4.9985 -0.180557 1  }

フレーム番号5 : 
{ -0.1105 0.993236 0.0356529 0  }
{ 0.992802 0.111977 -0.0425008 0  }
{ -0.0462057 0.0306999 -0.99846 0  }
{ -0.23163 5.00404 -0.180557 1  }

フレーム番号6 : 
{ -0.086979 0.995572 0.0356529 0  }
{ 0.995172 0.0884661 -0.0425008 0  }
{ -0.0454667 0.0317841 -0.99846 0  }
{ -0.169945 5.00879 -0.180557 1  }

フレーム番号7 : 
{ -0.0620532 0.997436 0.0356529 0  }
{ 0.997073 0.0635498 -0.0425008 0  }
{ -0.0446576 0.0329113 -0.99846 0  }
{ -0.104609 5.01223 -0.180557 1  }

フレーム番号8 : 
{ -0.0366357 0.998693 0.0356529 0  }
{ 0.998368 0.0381411 -0.0425008 0  }
{ -0.0438051 0.0340377 -0.99846 0  }
{ -0.0380226 5.01404 -0.180557 1  }

フレーム番号9 : 
{ -0.0116476 0.999296 0.0356529 0  }
{ 0.99901 0.0131606 -0.0425008 0  }
{ -0.0429401 0.0351226 -0.99846 0  }
{ 0.027403 5.01418 -0.180557 1  }

フレーム番号10 : 
{ 0.0119886 0.999292 0.0356529 0  }
{ 0.999042 -0.0104693 -0.0425008 0  }
{ -0.0420975 0.0361283 -0.99846 0  }
{ 0.0892556 5.0128 -0.180557 1  }

フレーム番号11 : 
{ 0.033354 0.998807 0.0356529 0  }
{ 0.998589 -0.0318296 -0.0425008 0  }
{ -0.0413153 0.0370202 -0.99846 0  }
{ 0.145138 5.01029 -0.180557 1  }

フレーム番号12 : 
{ 0.0515369 0.998034 0.0356529 0  }
{ 0.997844 -0.0500088 -0.0425008 0  }
{ -0.0406343 0.0377664 -0.99846 0  }
{ 0.192675 5.00721 -0.180557 1  }

フレーム番号13 : 
{ 0.0656342 0.997207 0.0356529 0  }
{ 0.997038 -0.0641035 -0.0425008 0  }
{ -0.0400966 0.0383368 -0.99846 0  }
{ 0.229518 5.00423 -0.180557 1  }

フレーム番号14 : 
{ 0.0747491 0.996565 0.0356529 0  }
{ 0.99641 -0.073217 -0.0425008 0  }
{ -0.0397444 0.0387018 -0.99846 0  }
{ 0.253333 5.00202 -0.180557 1  }

フレーム番号15 : 
{ 0.0779868 0.996317 0.0356529 0  }
{ 0.996167 -0.0764542 -0.0425008 0  }
{ -0.0396185 0.0388307 -0.99846 0  }
{ 0.261792 5.00119 -0.180557 1  }

フレーム番号16 : 
{ 0.0747491 0.996565 0.0356529 0  }
{ 0.99641 -0.073217 -0.0425008 0  }
{ -0.0397444 0.0387018 -0.99846 0  }
{ 0.253333 5.00202 -0.180557 1  }

フレーム番号17 : 
{ 0.0656341 0.997207 0.0356529 0  }
{ 0.997038 -0.0641035 -0.0425008 0  }
{ -0.0400966 0.0383368 -0.99846 0  }
{ 0.229518 5.00423 -0.180557 1  }

フレーム番号18 : 
{ 0.0515369 0.998034 0.0356529 0  }
{ 0.997844 -0.0500088 -0.0425008 0  }
{ -0.0406343 0.0377664 -0.99846 0  }
{ 0.192675 5.00721 -0.180557 1  }

フレーム番号19 : 
{ 0.033354 0.998807 0.0356529 0  }
{ 0.998589 -0.0318296 -0.0425008 0  }
{ -0.0413153 0.0370202 -0.99846 0  }
{ 0.145138 5.01029 -0.180557 1  }

フレーム番号20 : 
{ 0.0119886 0.999292 0.0356529 0  }
{ 0.999042 -0.0104693 -0.0425008 0  }
{ -0.0420975 0.0361283 -0.99846 0  }
{ 0.0892556 5.0128 -0.180557 1  }

フレーム番号21 : 
{ -0.0116476 0.999296 0.0356529 0  }
{ 0.99901 0.0131606 -0.0425008 0  }
{ -0.0429401 0.0351226 -0.99846 0  }
{ 0.027403 5.01418 -0.180557 1  }

フレーム番号22 : 
{ -0.0366357 0.998693 0.0356529 0  }
{ 0.998368 0.0381411 -0.0425008 0  }
{ -0.0438051 0.0340377 -0.99846 0  }
{ -0.0380226 5.01404 -0.180557 1  }

フレーム番号23 : 
{ -0.0620532 0.997436 0.0356529 0  }
{ 0.997073 0.0635498 -0.0425008 0  }
{ -0.0446576 0.0329113 -0.99846 0  }
{ -0.104609 5.01223 -0.180557 1  }

フレーム番号24 : 
{ -0.086979 0.995572 0.0356529 0  }
{ 0.995172 0.0884661 -0.0425008 0  }
{ -0.0454667 0.0317841 -0.99846 0  }
{ -0.169945 5.00879 -0.180557 1  }

フレーム番号25 : 
{ -0.1105 0.993236 0.0356529 0  }
{ 0.992802 0.111977 -0.0425008 0  }
{ -0.0462057 0.0306999 -0.99846 0  }
{ -0.23163 5.00404 -0.180557 1  }

フレーム番号26 : 
{ -0.131713 0.990647 0.0356529 0  }
{ 0.99018 0.13318 -0.0425008 0  }
{ -0.0468516 0.0297049 -0.99846 0  }
{ -0.287293 4.9985 -0.180557 1  }

フレーム番号27 : 
{ -0.149731 0.988084 0.0356529 0  }
{ 0.987591 0.15119 -0.0425008 0  }
{ -0.0473847 0.0288468 -0.99846 0  }
{ -0.334592 4.99283 -0.180557 1  }

フレーム番号28 : 
{ -0.163678 0.985869 0.0356529 0  }
{ 0.985356 0.165129 -0.0425008 0  }
{ -0.0477876 0.0281744 -0.99846 0  }
{ -0.371217 4.98785 -0.180557 1  }

フレーム番号29 : 
{ -0.172685 0.984332 0.0356529 0  }
{ 0.983805 0.174132 -0.0425008 0  }
{ -0.0480432 0.0277363 -0.99846 0  }
{ -0.394877 4.98434 -0.180557 1  }

フレーム番号30 : 
{ -0.175882 0.983765 0.0356529 0  }
{ 0.983234 0.177328 -0.0425008 0  }
{ -0.0481331 0.02758 -0.99846 0  }
{ -0.403277 4.98305 -0.180557 1  }

