
[MeshData]

ボーン番号 : 8

ボーン名 : {  }

オフセット行列 : 
{ -0.0722743 -0.997385 1.53671e-33 0  }
{ -0.997385 0.0722743 1.22465e-16 0  }
{ -1.22144e-16 8.85104e-18 -1 0  }
{ 0.844686 1.5516 -0.134428 1  }

アニメーション行列 : 
フレーム番号0 : 
{ -0.0722743 -0.988183 0.135172 0  }
{ -0.997385 0.0716074 -0.00979507 0  }
{ 4.34837e-09 -0.135526 -0.990774 0  }
{ 0.942584 1.37183 0.483893 1  }

フレーム番号1 : 
{ -0.0717505 -0.989828 0.122848 0  }
{ -0.997422 0.0712909 -0.008138 0  }
{ -0.00070275 -0.123116 -0.992392 0  }
{ 0.943514 1.35879 0.473793 1  }

フレーム番号2 : 
{ -0.0703722 -0.993627 0.0880532 0  }
{ -0.997517 0.0703272 -0.00361733 0  }
{ -0.00259826 -0.0880892 -0.996109 0  }
{ 0.945991 1.32299 0.444268 1  }

フレーム番号3 : 
{ -0.0685138 -0.99707 0.0340232 0  }
{ -0.997636 0.0686535 0.00295494 0  }
{ -0.0052821 -0.0337404 -0.999417 0  }
{ 0.949412 1.27037 0.395544 1  }

フレーム番号4 : 
{ -0.0665879 -0.997137 -0.035827 0  }
{ -0.997746 0.0662447 0.0106853 0  }
{ -0.0082814 0.0364578 -0.999301 0  }
{ 0.95309 1.20774 0.327553 1  }

フレーム番号5 : 
{ -0.0649661 -0.99092 -0.117715 0  }
{ -0.997826 0.0631952 0.0187187 0  }
{ -0.0111097 0.118675 -0.992871 0  }
{ 0.956356 1.14229 0.24094 1  }

フレーム番号6 : 
{ -0.0639207 -0.976155 -0.207451 0  }
{ -0.997866 0.0597436 0.026345 0  }
{ -0.0133229 0.208693 -0.977891 0  }
{ 0.958662 1.08093 0.137737 1  }

フレーム番号7 : 
{ -0.0635938 -0.951639 -0.300564 0  }
{ -0.997869 0.056236 0.0330775 0  }
{ -0.0145753 0.302027 -0.953188 0  }
{ 0.959654 1.02953 0.0216499 1  }

フレーム番号8 : 
{ -0.0639923 -0.917494 -0.392568 0  }
{ -0.997843 0.0530457 0.0386816 0  }
{ -0.0146661 0.394197 -0.918909 0  }
{ 0.959217 0.99224 -0.102083 1  }

フレーム番号9 : 
{ -0.0650076 -0.875239 -0.479302 0  }
{ -0.997792 0.0504804 0.0431495 0  }
{ -0.0135708 0.481049 -0.876589 0  }
{ 0.95747 0.970961 -0.227176 1  }

フレーム番号10 : 
{ -0.0664496 -0.827685 -0.557245 0  }
{ -0.997724 0.0487096 0.0466261 0  }
{ -0.0114486 0.559075 -0.829038 0  }
{ 0.954734 0.965131 -0.346982 1  }

フレーム番号11 : 
{ -0.0680878 -0.778664 -0.623736 0  }
{ -0.997642 0.0477342 0.0493132 0  }
{ -0.00862495 0.625623 -0.780078 0  }
{ 0.951455 0.971894 -0.455186 1  }

フレーム番号12 : 
{ -0.0696871 -0.732665 -0.677012 0  }
{ -0.997553 0.0474041 0.0513805 0  }
{ -0.00555159 0.678936 -0.734176 0  }
{ 0.948138 0.986613 -0.546304 1  }

フレーム番号13 : 
{ -0.0710329 -0.694432 -0.716044 0  }
{ -0.99747 0.0474728 0.0529109 0  }
{ -0.0027504 0.717991 -0.696047 0  }
{ 0.945275 1.00364 -0.615856 1  }

フレーム番号14 : 
{ -0.0719439 -0.668568 -0.740163 0  }
{ -0.997408 0.0476683 0.0538908 0  }
{ -0.000747382 0.742122 -0.670264 0  }
{ 0.943305 1.01722 -0.660147 1  }

フレーム番号15 : 
{ -0.0722743 -0.659171 -0.748512 0  }
{ -0.997385 0.047766 0.05424 0  }
{ -1.69854e-09 0.750474 -0.660899 0  }
{ 0.942584 1.02253 -0.67573 1  }

フレーム番号16 : 
{ -0.0719439 -0.668568 -0.740163 0  }
{ -0.997408 0.0476683 0.0538908 0  }
{ -0.000747382 0.742122 -0.670264 0  }
{ 0.943305 1.01722 -0.660147 1  }

フレーム番号17 : 
{ -0.0710329 -0.694432 -0.716044 0  }
{ -0.99747 0.0474728 0.0529109 0  }
{ -0.0027504 0.717991 -0.696047 0  }
{ 0.945275 1.00364 -0.615856 1  }

フレーム番号18 : 
{ -0.0696871 -0.732665 -0.677012 0  }
{ -0.997553 0.0474041 0.0513805 0  }
{ -0.00555159 0.678936 -0.734176 0  }
{ 0.948138 0.986613 -0.546304 1  }

フレーム番号19 : 
{ -0.0680878 -0.778664 -0.623736 0  }
{ -0.997642 0.0477342 0.0493132 0  }
{ -0.00862495 0.625622 -0.780078 0  }
{ 0.951455 0.971894 -0.455186 1  }

フレーム番号20 : 
{ -0.0664496 -0.827685 -0.557245 0  }
{ -0.997724 0.0487096 0.0466261 0  }
{ -0.0114486 0.559075 -0.829038 0  }
{ 0.954734 0.965131 -0.346982 1  }

フレーム番号21 : 
{ -0.0650076 -0.875239 -0.479302 0  }
{ -0.997792 0.0504804 0.0431495 0  }
{ -0.0135708 0.481049 -0.876589 0  }
{ 0.95747 0.970961 -0.227176 1  }

フレーム番号22 : 
{ -0.0639923 -0.917494 -0.392568 0  }
{ -0.997843 0.0530457 0.0386816 0  }
{ -0.0146661 0.394197 -0.918909 0  }
{ 0.959217 0.99224 -0.102083 1  }

フレーム番号23 : 
{ -0.0635938 -0.951639 -0.300564 0  }
{ -0.997869 0.056236 0.0330775 0  }
{ -0.0145753 0.302027 -0.953188 0  }
{ 0.959654 1.02953 0.0216499 1  }

フレーム番号24 : 
{ -0.0639207 -0.976155 -0.207451 0  }
{ -0.997866 0.0597436 0.026345 0  }
{ -0.0133229 0.208693 -0.977891 0  }
{ 0.958662 1.08093 0.137737 1  }

フレーム番号25 : 
{ -0.0649661 -0.99092 -0.117715 0  }
{ -0.997826 0.0631952 0.0187187 0  }
{ -0.0111097 0.118675 -0.992871 0  }
{ 0.956356 1.14229 0.24094 1  }

フレーム番号26 : 
{ -0.0665879 -0.997137 -0.035827 0  }
{ -0.997746 0.0662447 0.0106853 0  }
{ -0.0082814 0.0364578 -0.999301 0  }
{ 0.95309 1.20774 0.327553 1  }

フレーム番号27 : 
{ -0.0685138 -0.99707 0.0340232 0  }
{ -0.997636 0.0686535 0.00295494 0  }
{ -0.0052821 -0.0337404 -0.999417 0  }
{ 0.949412 1.27037 0.395544 1  }

フレーム番号28 : 
{ -0.0703722 -0.993627 0.0880532 0  }
{ -0.997517 0.0703272 -0.00361733 0  }
{ -0.00259826 -0.0880892 -0.996109 0  }
{ 0.945991 1.32299 0.444268 1  }

フレーム番号29 : 
{ -0.0717505 -0.989828 0.122848 0  }
{ -0.997422 0.0712909 -0.008138 0  }
{ -0.00070275 -0.123116 -0.992392 0  }
{ 0.943514 1.35879 0.473793 1  }

フレーム番号30 : 
{ -0.0722743 -0.988183 0.135172 0  }
{ -0.997385 0.0716074 -0.00979507 0  }
{ 4.34837e-09 -0.135526 -0.990774 0  }
{ 0.942584 1.37183 0.483893 1  }

