
[MeshData]

ボーン番号 : 9

ボーン名 : {  }

オフセット行列 : 
{ 2.26342e-16 -0.140103 0.990137 0  }
{ -2.6486e-15 0.990137 0.140103 0  }
{ -1 -2.65419e-15 -1.46966e-16 0  }
{ 0.832622 0.527947 -0.134428 1  }

アニメーション行列 : 
フレーム番号0 : 
{ -3.65936e-09 -0.17813 0.984007 0  }
{ -2.80496e-09 0.984007 0.17813 0  }
{ -1 -2.10826e-09 -4.10048e-09 0  }
{ 1.15552 0.357616 0.622625 1  }

フレーム番号1 : 
{ 0.000827208 -0.17787 0.984054 0  }
{ -0.000292137 0.984054 0.17787 0  }
{ -1 -0.000434614 0.000762055 0  }
{ 1.15698 0.343017 0.599659 1  }

フレーム番号2 : 
{ 0.00300843 -0.177144 0.98418 0  }
{ -0.00115576 0.984183 0.177148 0  }
{ -0.999995 -0.00167041 0.00275611 0  }
{ 1.16087 0.303676 0.533849 1  }

フレーム番号3 : 
{ 0.00595354 -0.176039 0.984365 0  }
{ -0.00258072 0.984377 0.176056 0  }
{ -0.999979 -0.00358853 0.00540622 0  }
{ 1.1662 0.248066 0.428911 1  }

フレーム番号4 : 
{ 0.00899131 -0.174644 0.984591 0  }
{ -0.00449449 0.984613 0.174689 0  }
{ -0.999949 -0.00599592 0.00806803 0  }
{ 1.17184 0.186058 0.288466 1  }

フレーム番号5 : 
{ 0.0114951 -0.173048 0.984846 0  }
{ -0.00669945 0.984876 0.173131 0  }
{ -0.999911 -0.00858809 0.0101619 0  }
{ 1.17676 0.127737 0.117206 1  }

フレーム番号6 : 
{ 0.012995 -0.171333 0.985127 0  }
{ -0.00886731 0.985152 0.171455 0  }
{ -0.999876 -0.0109635 0.0112827 0  }
{ 1.18013 0.0822113 -0.0784177 1  }

フレーム番号7 : 
{ 0.0132575 -0.169572 0.985429 0  }
{ -0.0105944 0.985436 0.169716 0  }
{ -0.999856 -0.01269 0.0112679 0  }
{ 1.18145 0.0564683 -0.290066 1  }

フレーム番号8 : 
{ 0.0123136 -0.167824 0.98574 0  }
{ -0.0114999 0.985726 0.167965 0  }
{ -0.999858 -0.0134042 0.0102079 0  }
{ 1.18061 0.0544291 -0.507922 1  }

フレーム番号9 : 
{ 0.0104242 -0.166136 0.986048 0  }
{ -0.011334 0.986018 0.166251 0  }
{ -0.999881 -0.0129089 0.00839545 0  }
{ 1.17783 0.0763752 -0.721512 1  }

フレーム番号10 : 
{ 0.00799451 -0.16455 0.986336 0  }
{ -0.0100595 0.986305 0.164626 0  }
{ -0.999917 -0.0112381 0.00622974 0  }
{ 1.17362 0.118872 -0.920692 1  }

フレーム番号11 : 
{ 0.0054633 -0.16311 0.986593 0  }
{ -0.0078824 0.98657 0.16315 0  }
{ -0.999954 -0.00866806 0.00410423 0  }
{ 1.16867 0.17521 -1.09653 1  }

フレーム番号12 : 
{ 0.00320337 -0.16187 0.986807 0  }
{ -0.00522304 0.986796 0.161886 0  }
{ -0.999981 -0.00567271 0.00231562 0  }
{ 1.16372 0.236279 -1.24181 1  }

フレーム番号13 : 
{ 0.00146478 -0.160895 0.98697 0  }
{ -0.00263959 0.986967 0.160899 0  }
{ -0.999995 -0.00284088 0.001021 0  }
{ 1.15948 0.291731 -1.35105 1  }

フレーム番号14 : 
{ 0.000376321 -0.160257 0.987075 0  }
{ -0.000725706 0.987075 0.160257 0  }
{ -1 -0.000776635 0.000255158 0  }
{ 1.15658 0.331266 -1.41988 1  }

フレーム番号15 : 
{ 1.51035e-09 -0.160028 0.987112 0  }
{ -8.37461e-10 0.987112 0.160028 0  }
{ -1 -1.06837e-09 1.35687e-09 0  }
{ 1.15552 0.345994 -1.44396 1  }

フレーム番号16 : 
{ 0.000376321 -0.160257 0.987075 0  }
{ -0.000725706 0.987075 0.160257 0  }
{ -1 -0.000776635 0.000255158 0  }
{ 1.15658 0.331266 -1.41988 1  }

フレーム番号17 : 
{ 0.00146478 -0.160895 0.98697 0  }
{ -0.00263959 0.986967 0.160899 0  }
{ -0.999995 -0.00284088 0.001021 0  }
{ 1.15948 0.291731 -1.35105 1  }

フレーム番号18 : 
{ 0.00320337 -0.16187 0.986807 0  }
{ -0.00522304 0.986796 0.161886 0  }
{ -0.999981 -0.00567271 0.00231562 0  }
{ 1.16372 0.236279 -1.24181 1  }

フレーム番号19 : 
{ 0.0054633 -0.16311 0.986593 0  }
{ -0.0078824 0.98657 0.16315 0  }
{ -0.999954 -0.00866806 0.00410423 0  }
{ 1.16867 0.17521 -1.09653 1  }

フレーム番号20 : 
{ 0.00799451 -0.16455 0.986336 0  }
{ -0.0100595 0.986305 0.164626 0  }
{ -0.999917 -0.0112381 0.00622974 0  }
{ 1.17362 0.118872 -0.920692 1  }

フレーム番号21 : 
{ 0.0104242 -0.166136 0.986048 0  }
{ -0.011334 0.986018 0.166251 0  }
{ -0.999881 -0.0129089 0.00839545 0  }
{ 1.17783 0.0763752 -0.721512 1  }

フレーム番号22 : 
{ 0.0123136 -0.167824 0.98574 0  }
{ -0.0114999 0.985726 0.167965 0  }
{ -0.999858 -0.0134042 0.0102079 0  }
{ 1.18061 0.0544291 -0.507922 1  }

フレーム番号23 : 
{ 0.0132575 -0.169572 0.985429 0  }
{ -0.0105944 0.985436 0.169716 0  }
{ -0.999856 -0.01269 0.0112679 0  }
{ 1.18145 0.0564683 -0.290066 1  }

フレーム番号24 : 
{ 0.012995 -0.171333 0.985127 0  }
{ -0.00886731 0.985152 0.171455 0  }
{ -0.999876 -0.0109635 0.0112827 0  }
{ 1.18013 0.0822113 -0.0784176 1  }

フレーム番号25 : 
{ 0.0114951 -0.173048 0.984846 0  }
{ -0.00669945 0.984876 0.173131 0  }
{ -0.999911 -0.00858809 0.0101619 0  }
{ 1.17676 0.127737 0.117206 1  }

フレーム番号26 : 
{ 0.00899131 -0.174644 0.984591 0  }
{ -0.00449449 0.984613 0.174689 0  }
{ -0.999949 -0.00599592 0.00806803 0  }
{ 1.17184 0.186058 0.288466 1  }

フレーム番号27 : 
{ 0.00595354 -0.176039 0.984365 0  }
{ -0.00258072 0.984377 0.176057 0  }
{ -0.999979 -0.00358853 0.00540622 0  }
{ 1.1662 0.248066 0.428911 1  }

フレーム番号28 : 
{ 0.00300843 -0.177144 0.98418 0  }
{ -0.00115576 0.984183 0.177148 0  }
{ -0.999995 -0.00167041 0.00275611 0  }
{ 1.16087 0.303676 0.533849 1  }

フレーム番号29 : 
{ 0.000827208 -0.17787 0.984054 0  }
{ -0.000292137 0.984054 0.17787 0  }
{ -1 -0.000434614 0.000762055 0  }
{ 1.15698 0.343017 0.599659 1  }

フレーム番号30 : 
{ -3.65936e-09 -0.17813 0.984007 0  }
{ -2.80496e-09 0.984007 0.17813 0  }
{ -1 -2.10826e-09 -4.10048e-09 0  }
{ 1.15552 0.357616 0.622625 1  }

