
[MeshData]

ボーン番号 : 11

ボーン名 : {  }

オフセット行列 : 
{ 0.993747 -0.111657 4.1359e-25 0  }
{ -0.111657 -0.993747 1.49012e-08 0  }
{ -1.66382e-09 -1.4808e-08 -1 0  }
{ -1.27201 5.39828 -0.121232 1  }

アニメーション行列 : 
フレーム番号0 : 
{ 0.169438 0.582952 -0.794643 0  }
{ 0.247479 -0.805634 -0.538245 0  }
{ -0.953963 -0.105459 -0.280774 0  }
{ -1.42925 3.87688 -0.269043 1  }

フレーム番号1 : 
{ 0.174845 0.601031 -0.779866 0  }
{ 0.245165 -0.793696 -0.556724 0  }
{ -0.953584 -0.0938558 -0.286126 0  }
{ -1.42925 3.87688 -0.269043 1  }

フレーム番号2 : 
{ 0.189555 0.650007 -0.735908 0  }
{ 0.239354 -0.757476 -0.607404 0  }
{ -0.952249 -0.0610062 -0.299165 0  }
{ -1.42925 3.87688 -0.269043 1  }

フレーム番号3 : 
{ 0.210692 0.719772 -0.661466 0  }
{ 0.232356 -0.694137 -0.681311 0  }
{ -0.949537 -0.010149 -0.313492 0  }
{ -1.42925 3.87688 -0.269043 1  }

フレーム番号4 : 
{ 0.234724 0.798003 -0.555063 0  }
{ 0.226692 -0.600209 -0.767046 0  }
{ -0.945259 0.0542157 -0.321785 0  }
{ -1.42925 3.87688 -0.269043 1  }

フレーム番号5 : 
{ 0.257752 0.871353 -0.417502 0  }
{ 0.224384 -0.47427 -0.851305 0  }
{ -0.939796 0.125745 -0.317761 0  }
{ -1.42925 3.87688 -0.269043 1  }

フレーム番号6 : 
{ 0.27597 0.927153 -0.253434 0  }
{ 0.226374 -0.318952 -0.920339 0  }
{ -0.934128 0.196615 -0.297904 0  }
{ -1.42925 3.87688 -0.269043 1  }

フレーム番号7 : 
{ 0.286265 0.955467 -0.0716671 0  }
{ 0.232251 -0.141761 -0.96227 0  }
{ -0.929576 0.258819 -0.26249 0  }
{ -1.42925 3.87688 -0.269043 1  }

フレーム番号8 : 
{ 0.286808 0.950957 0.115855 0  }
{ 0.240387 0.045626 -0.969604 0  }
{ -0.927338 0.30594 -0.215512 0  }
{ -1.42925 3.87688 -0.269043 1  }

フレーム番号9 : 
{ 0.277443 0.913972 0.296108 0  }
{ 0.248486 0.229456 -0.941066 0  }
{ -0.928052 0.334671 -0.163448 0  }
{ -1.42925 3.87688 -0.269043 1  }

フレーム番号10 : 
{ 0.259745 0.850475 0.457411 0  }
{ 0.25438 0.396679 -0.882007 0  }
{ -0.93157 0.345453 -0.113309 0  }
{ -1.42925 3.87688 -0.269043 1  }

フレーム番号11 : 
{ 0.236715 0.770832 0.591426 0  }
{ 0.256776 0.537448 -0.803253 0  }
{ -0.937034 0.342006 -0.0707093 0  }
{ -1.42925 3.87688 -0.269043 1  }

フレーム番号12 : 
{ 0.212228 0.687891 0.694093 0  }
{ 0.255683 0.646443 -0.718845 0  }
{ -0.943178 0.330027 -0.0386886 0  }
{ -1.42925 3.87688 -0.269043 1  }

フレーム番号13 : 
{ 0.190409 0.614957 0.765226 0  }
{ 0.252385 0.722623 -0.64352 0  }
{ -0.948708 0.315664 -0.0176115 0  }
{ -1.42925 3.87688 -0.269043 1  }

フレーム番号14 : 
{ 0.175093 0.56418 0.806873 0  }
{ 0.248958 0.767528 -0.590694 0  }
{ -0.952556 0.304304 -0.00606851 0  }
{ -1.42925 3.87688 -0.269043 1  }

フレーム番号15 : 
{ 0.169438 0.54551 0.820798 0  }
{ 0.247479 0.782604 -0.571213 0  }
{ -0.953963 0.299916 -0.00239953 0  }
{ -1.42925 3.87688 -0.269043 1  }

フレーム番号16 : 
{ 0.175093 0.56418 0.806873 0  }
{ 0.248958 0.767528 -0.590694 0  }
{ -0.952556 0.304304 -0.0060685 0  }
{ -1.42925 3.87688 -0.269043 1  }

フレーム番号17 : 
{ 0.190409 0.614957 0.765226 0  }
{ 0.252385 0.722623 -0.64352 0  }
{ -0.948708 0.315664 -0.0176115 0  }
{ -1.42925 3.87688 -0.269043 1  }

フレーム番号18 : 
{ 0.212228 0.687891 0.694093 0  }
{ 0.255683 0.646443 -0.718845 0  }
{ -0.943178 0.330027 -0.0386886 0  }
{ -1.42925 3.87688 -0.269043 1  }

フレーム番号19 : 
{ 0.236715 0.770832 0.591426 0  }
{ 0.256776 0.537448 -0.803253 0  }
{ -0.937034 0.342006 -0.0707093 0  }
{ -1.42925 3.87688 -0.269043 1  }

フレーム番号20 : 
{ 0.259745 0.850475 0.457411 0  }
{ 0.25438 0.396679 -0.882007 0  }
{ -0.93157 0.345453 -0.113309 0  }
{ -1.42925 3.87688 -0.269043 1  }

フレーム番号21 : 
{ 0.277443 0.913972 0.296108 0  }
{ 0.248486 0.229456 -0.941066 0  }
{ -0.928052 0.334671 -0.163448 0  }
{ -1.42925 3.87688 -0.269043 1  }

フレーム番号22 : 
{ 0.286808 0.950957 0.115855 0  }
{ 0.240387 0.0456261 -0.969604 0  }
{ -0.927338 0.30594 -0.215512 0  }
{ -1.42925 3.87688 -0.269043 1  }

フレーム番号23 : 
{ 0.286265 0.955467 -0.0716671 0  }
{ 0.232251 -0.141761 -0.96227 0  }
{ -0.929576 0.258819 -0.26249 0  }
{ -1.42925 3.87688 -0.269043 1  }

フレーム番号24 : 
{ 0.27597 0.927153 -0.253434 0  }
{ 0.226374 -0.318952 -0.920339 0  }
{ -0.934128 0.196615 -0.297904 0  }
{ -1.42925 3.87688 -0.269043 1  }

フレーム番号25 : 
{ 0.257752 0.871353 -0.417502 0  }
{ 0.224384 -0.47427 -0.851305 0  }
{ -0.939796 0.125745 -0.317761 0  }
{ -1.42925 3.87688 -0.269043 1  }

フレーム番号26 : 
{ 0.234724 0.798003 -0.555063 0  }
{ 0.226692 -0.600209 -0.767046 0  }
{ -0.945259 0.0542157 -0.321785 0  }
{ -1.42925 3.87688 -0.269043 1  }

フレーム番号27 : 
{ 0.210692 0.719772 -0.661466 0  }
{ 0.232356 -0.694137 -0.681311 0  }
{ -0.949537 -0.010149 -0.313492 0  }
{ -1.42925 3.87688 -0.269043 1  }

フレーム番号28 : 
{ 0.189555 0.650007 -0.735908 0  }
{ 0.239354 -0.757476 -0.607404 0  }
{ -0.952249 -0.0610062 -0.299165 0  }
{ -1.42925 3.87688 -0.269043 1  }

フレーム番号29 : 
{ 0.174845 0.601031 -0.779866 0  }
{ 0.245165 -0.793696 -0.556724 0  }
{ -0.953584 -0.0938557 -0.286126 0  }
{ -1.42925 3.87688 -0.269043 1  }

フレーム番号30 : 
{ 0.169438 0.582952 -0.794643 0  }
{ 0.247479 -0.805634 -0.538245 0  }
{ -0.953963 -0.105459 -0.280774 0  }
{ -1.42925 3.87688 -0.269043 1  }

