
[MeshData]

ボーン番号 : 12

ボーン名 : {  }

オフセット行列 : 
{ 0.999289 0.037709 -2.22103e-09 0  }
{ 0.037709 -0.999289 1.47347e-08 0  }
{ -1.66382e-09 -1.4808e-08 -1 0  }
{ -2.5168 5.37432 -0.121232 1  }

アニメーション行列 : 
フレーム番号0 : 
{ -0.0547786 0.714684 -0.697299 0  }
{ -0.0721052 -0.699356 -0.711128 0  }
{ -0.995892 0.0113243 0.0898422 0  }
{ -1.5981 3.02617 0.624184 1  }

フレーム番号1 : 
{ -0.0490197 0.731515 -0.680061 0  }
{ -0.0733391 -0.681678 -0.727968 0  }
{ -0.996102 0.0141903 0.0870642 0  }
{ -1.60516 3.0058 0.602936 1  }

フレーム番号2 : 
{ -0.0334026 0.776523 -0.629203 0  }
{ -0.0761409 -0.629701 -0.773097 0  }
{ -0.996537 0.0220846 0.0801589 0  }
{ -1.62426 2.95124 0.540426 1  }

フレーム番号3 : 
{ -0.0111146 0.838825 -0.544288 0  }
{ -0.078641 -0.543369 -0.835803 0  }
{ -0.996841 0.0335137 0.0720053 0  }
{ -1.65149 2.87544 0.436509 1  }

フレーム番号4 : 
{ 0.0139419 0.905053 -0.42507 0  }
{ -0.0789461 -0.422788 -0.902783 0  }
{ -0.996781 0.0461441 0.0655559 0  }
{ -1.68207 2.79417 0.291214 1  }

フレーム番号5 : 
{ 0.0375196 0.960973 -0.274085 0  }
{ -0.0758762 -0.270747 -0.959656 0  }
{ -0.996411 0.0568025 0.0627567 0  }
{ -1.71087 2.72414 0.107701 1  }

フレーム番号6 : 
{ 0.0555875 0.993619 -0.0981389 0  }
{ -0.0694441 -0.0942053 -0.993128 0  }
{ -0.996036 0.0620207 0.0637644 0  }
{ -1.73304 2.68055 -0.106053 1  }

フレーム番号7 : 
{ 0.0650138 0.993661 0.0917091 0  }
{ -0.0609355 0.0956852 -0.993545 0  }
{ -0.996022 0.0590058 0.0667701 0  }
{ -1.74479 2.67444 -0.337239 1  }

フレーム番号8 : 
{ 0.0641814 0.957359 0.281683 0  }
{ -0.0525382 0.285115 -0.957052 0  }
{ -0.996554 0.0466259 0.068597 0  }
{ -1.74413 2.71052 -0.569897 1  }

フレーム番号9 : 
{ 0.0533215 0.887419 0.457869 0  }
{ -0.0466233 0.460234 -0.886573 0  }
{ -0.997488 0.025926 0.0659148 0  }
{ -1.73125 2.7861 -0.787742 1  }

フレーム番号10 : 
{ 0.0344364 0.792444 0.608972 0  }
{ -0.0449248 0.609945 -0.791169 0  }
{ -0.998397 -0.000112944 0.0566047 0  }
{ -1.70845 2.8917 -0.977229 1  }

フレーム番号11 : 
{ 0.0108377 0.685149 0.728322 0  }
{ -0.0479143 0.727884 -0.684024 0  }
{ -0.998793 -0.0274838 0.0407171 0  }
{ -1.67963 3.01292 -1.12983 1  }

フレーム番号12 : 
{ -0.0135318 0.580011 0.814496 0  }
{ -0.0545869 0.812927 -0.579801 0  }
{ -0.998417 -0.0523066 0.0206607 0  }
{ -1.64959 3.13304 -1.24281 1  }

フレーム番号13 : 
{ -0.0347582 0.491106 0.870406 0  }
{ -0.0627086 0.868145 -0.492334 0  }
{ -0.997426 -0.0716946 0.000621421 0  }
{ -1.62319 3.23547 -1.31835 1  }

フレーム番号14 : 
{ -0.0494154 0.430714 0.901135 0  }
{ -0.0694299 0.898573 -0.433297 0  }
{ -0.996362 -0.0839773 -0.0144989 0  }
{ -1.60484 3.30545 -1.36116 1  }

フレーム番号15 : 
{ -0.0547787 0.40878 0.910988 0  }
{ -0.0721053 0.908356 -0.411935 0  }
{ -0.995892 -0.0882522 -0.0202834 0  }
{ -1.5981 3.33095 -1.37517 1  }

フレーム番号16 : 
{ -0.0494154 0.430714 0.901135 0  }
{ -0.0694299 0.898573 -0.433297 0  }
{ -0.996362 -0.0839773 -0.0144989 0  }
{ -1.60484 3.30545 -1.36116 1  }

フレーム番号17 : 
{ -0.0347582 0.491106 0.870406 0  }
{ -0.0627086 0.868145 -0.492334 0  }
{ -0.997426 -0.0716946 0.000621421 0  }
{ -1.62319 3.23547 -1.31835 1  }

フレーム番号18 : 
{ -0.0135318 0.580011 0.814496 0  }
{ -0.0545869 0.812927 -0.579801 0  }
{ -0.998417 -0.0523066 0.0206607 0  }
{ -1.64959 3.13304 -1.24281 1  }

フレーム番号19 : 
{ 0.0108377 0.685149 0.728322 0  }
{ -0.0479143 0.727884 -0.684024 0  }
{ -0.998793 -0.0274838 0.0407171 0  }
{ -1.67963 3.01292 -1.12983 1  }

フレーム番号20 : 
{ 0.0344364 0.792444 0.608972 0  }
{ -0.0449248 0.609945 -0.791169 0  }
{ -0.998397 -0.000112944 0.0566047 0  }
{ -1.70845 2.8917 -0.977229 1  }

フレーム番号21 : 
{ 0.0533215 0.887419 0.457869 0  }
{ -0.0466233 0.460234 -0.886573 0  }
{ -0.997488 0.025926 0.0659148 0  }
{ -1.73125 2.7861 -0.787742 1  }

フレーム番号22 : 
{ 0.0641814 0.957359 0.281683 0  }
{ -0.0525382 0.285115 -0.957052 0  }
{ -0.996554 0.0466259 0.068597 0  }
{ -1.74413 2.71052 -0.569897 1  }

フレーム番号23 : 
{ 0.0650138 0.993661 0.0917091 0  }
{ -0.0609355 0.0956853 -0.993545 0  }
{ -0.996022 0.0590058 0.0667701 0  }
{ -1.74479 2.67444 -0.337239 1  }

フレーム番号24 : 
{ 0.0555875 0.993619 -0.0981388 0  }
{ -0.0694441 -0.0942053 -0.993128 0  }
{ -0.996036 0.0620207 0.0637644 0  }
{ -1.73304 2.68055 -0.106053 1  }

フレーム番号25 : 
{ 0.0375196 0.960973 -0.274085 0  }
{ -0.0758762 -0.270747 -0.959656 0  }
{ -0.996411 0.0568025 0.0627567 0  }
{ -1.71087 2.72414 0.107701 1  }

フレーム番号26 : 
{ 0.0139419 0.905053 -0.42507 0  }
{ -0.0789461 -0.422788 -0.902783 0  }
{ -0.996781 0.0461441 0.0655559 0  }
{ -1.68207 2.79417 0.291214 1  }

フレーム番号27 : 
{ -0.0111146 0.838825 -0.544288 0  }
{ -0.078641 -0.543369 -0.835803 0  }
{ -0.996841 0.0335137 0.0720053 0  }
{ -1.65149 2.87544 0.436509 1  }

フレーム番号28 : 
{ -0.0334026 0.776523 -0.629203 0  }
{ -0.0761409 -0.629701 -0.773097 0  }
{ -0.996537 0.0220846 0.0801589 0  }
{ -1.62426 2.95124 0.540426 1  }

フレーム番号29 : 
{ -0.0490197 0.731515 -0.680061 0  }
{ -0.0733391 -0.681678 -0.727968 0  }
{ -0.996102 0.0141903 0.0870642 0  }
{ -1.60516 3.0058 0.602936 1  }

フレーム番号30 : 
{ -0.0547786 0.714684 -0.697299 0  }
{ -0.0721052 -0.699356 -0.711128 0  }
{ -0.995892 0.0113243 0.0898422 0  }
{ -1.5981 3.02617 0.624184 1  }

