
[MeshData]

ボーン番号 : 10

ボーン名 : {  }

オフセット行列 : 
{ 1 7.98342e-16 5.37665e-16 0  }
{ -7.98342e-16 1 -8.32667e-17 0  }
{ -5.37665e-16 8.32667e-17 1 0  }
{ 0.832622 0.523536 0.655465 1  }

アニメーション行列 : 
フレーム番号0 : 
{ 1 2.10826e-09 4.10048e-09 0  }
{ -2.26461e-09 0.999258 0.0385113 0  }
{ -4.01625e-09 -0.0385113 0.999258 0  }
{ 1.15552 0.322788 1.41176 1  }

フレーム番号1 : 
{ 1 0.000434614 -0.000762055 0  }
{ -0.00040515 0.999268 0.0382475 0  }
{ 0.00077812 -0.0382472 0.999268 0  }
{ 1.1576 0.308398 1.3888 1  }

フレーム番号2 : 
{ 0.999995 0.00167041 -0.00275611 0  }
{ -0.00156585 0.999295 0.0375147 0  }
{ 0.00281683 -0.0375102 0.999292 0  }
{ 1.1631 0.26964 1.32302 1  }

フレーム番号3 : 
{ 0.999979 0.00358853 -0.00540622 0  }
{ -0.00338937 0.999331 0.0364079 0  }
{ 0.00553325 -0.0363888 0.999322 0  }
{ 1.17058 0.214915 1.21811 1  }

フレーム番号4 : 
{ 0.999949 0.00599592 -0.00806803 0  }
{ -0.00570987 0.99937 0.0350225 0  }
{ 0.00827294 -0.0349746 0.999354 0  }
{ 1.1784 0.154024 1.07769 1  }

フレーム番号5 : 
{ 0.999911 0.00858809 -0.0101619 0  }
{ -0.00824387 0.999407 0.0334443 0  }
{ 0.0104431 -0.0333576 0.999389 0  }
{ 1.18505 0.0969797 0.906469 1  }

フレーム番号6 : 
{ 0.999876 0.0109635 -0.0112827 0  }
{ -0.0106005 0.99944 0.0317446 0  }
{ 0.0116245 -0.0316211 0.999432 0  }
{ 1.18936 0.0528256 0.710887 1  }

フレーム番号7 : 
{ 0.999856 0.01269 -0.0112679 0  }
{ -0.0123473 0.999474 0.0299808 0  }
{ 0.0116425 -0.0298374 0.999487 0  }
{ 1.1907 0.0284914 0.49929 1  }

フレーム番号8 : 
{ 0.999858 0.0134042 -0.0102079 0  }
{ -0.0131117 0.999516 0.0282035 0  }
{ 0.010581 -0.0280657 0.99955 0  }
{ 1.18902 0.0278514 0.281491 1  }

フレーム番号9 : 
{ 0.999881 0.0129089 -0.00839545 0  }
{ -0.0126826 0.999569 0.026463 0  }
{ 0.00873345 -0.0263534 0.999615 0  }
{ 1.18478 0.0511499 0.0679599 1  }

フレーム番号10 : 
{ 0.999917 0.0112381 -0.00622974 0  }
{ -0.0110803 0.999631 0.024814 0  }
{ 0.00650631 -0.0247429 0.999673 0  }
{ 1.17881 0.0949186 -0.131167 1  }

フレーム番号11 : 
{ 0.999954 0.00866806 -0.00410423 0  }
{ -0.00857008 0.999691 0.0233167 0  }
{ 0.00430507 -0.0232804 0.99972 0  }
{ 1.17211 0.152411 -0.306959 1  }

フレーム番号12 : 
{ 0.999981 0.00567271 -0.00231562 0  }
{ -0.00562033 0.999741 0.0220346 0  }
{ 0.00244002 -0.0220212 0.999755 0  }
{ 1.16567 0.214475 -0.45221 1  }

フレーム番号13 : 
{ 0.999995 0.00284088 -0.001021 0  }
{ -0.00281877 0.999775 0.0210346 0  }
{ 0.00108052 -0.0210316 0.999778 0  }
{ 1.16035 0.270708 -0.561427 1  }

フレーム番号14 : 
{ 1 0.000776635 -0.000255158 0  }
{ -0.000771272 0.999792 0.0203844 0  }
{ 0.000270936 -0.0203842 0.999792 0  }
{ 1.15679 0.310755 -0.630239 1  }

フレーム番号15 : 
{ 1 1.06837e-09 -1.35687e-09 0  }
{ -1.04081e-09 0.999797 0.0201528 0  }
{ 1.37812e-09 -0.0201528 0.999797 0  }
{ 1.15552 0.325665 -0.654313 1  }

フレーム番号16 : 
{ 1 0.000776635 -0.000255158 0  }
{ -0.000771272 0.999792 0.0203844 0  }
{ 0.000270936 -0.0203842 0.999792 0  }
{ 1.15679 0.310755 -0.630239 1  }

フレーム番号17 : 
{ 0.999995 0.00284088 -0.001021 0  }
{ -0.00281877 0.999775 0.0210345 0  }
{ 0.00108052 -0.0210316 0.999778 0  }
{ 1.16035 0.270708 -0.561427 1  }

フレーム番号18 : 
{ 0.999981 0.00567271 -0.00231562 0  }
{ -0.00562033 0.999741 0.0220346 0  }
{ 0.00244002 -0.0220212 0.999755 0  }
{ 1.16567 0.214475 -0.45221 1  }

フレーム番号19 : 
{ 0.999954 0.00866806 -0.00410423 0  }
{ -0.00857008 0.999691 0.0233166 0  }
{ 0.00430507 -0.0232804 0.99972 0  }
{ 1.17211 0.152411 -0.306959 1  }

フレーム番号20 : 
{ 0.999917 0.0112381 -0.00622974 0  }
{ -0.0110803 0.999631 0.024814 0  }
{ 0.00650631 -0.0247429 0.999673 0  }
{ 1.17881 0.0949186 -0.131167 1  }

フレーム番号21 : 
{ 0.999881 0.0129089 -0.00839545 0  }
{ -0.0126826 0.999569 0.026463 0  }
{ 0.00873344 -0.0263533 0.999615 0  }
{ 1.18478 0.0511499 0.06796 1  }

フレーム番号22 : 
{ 0.999858 0.0134042 -0.0102079 0  }
{ -0.0131117 0.999516 0.0282035 0  }
{ 0.010581 -0.0280656 0.99955 0  }
{ 1.18902 0.0278515 0.281491 1  }

フレーム番号23 : 
{ 0.999856 0.01269 -0.0112679 0  }
{ -0.0123473 0.999474 0.0299808 0  }
{ 0.0116425 -0.0298374 0.999487 0  }
{ 1.1907 0.0284914 0.49929 1  }

フレーム番号24 : 
{ 0.999876 0.0109635 -0.0112827 0  }
{ -0.0106005 0.99944 0.0317445 0  }
{ 0.0116245 -0.031621 0.999432 0  }
{ 1.18936 0.0528256 0.710887 1  }

フレーム番号25 : 
{ 0.999911 0.00858809 -0.0101619 0  }
{ -0.00824387 0.999407 0.0334443 0  }
{ 0.0104431 -0.0333576 0.999389 0  }
{ 1.18505 0.0969797 0.906469 1  }

フレーム番号26 : 
{ 0.999949 0.00599592 -0.00806803 0  }
{ -0.00570987 0.99937 0.0350224 0  }
{ 0.00827294 -0.0349746 0.999354 0  }
{ 1.1784 0.154024 1.07769 1  }

フレーム番号27 : 
{ 0.999979 0.00358853 -0.00540622 0  }
{ -0.00338937 0.999331 0.0364079 0  }
{ 0.00553325 -0.0363888 0.999322 0  }
{ 1.17058 0.214915 1.21811 1  }

フレーム番号28 : 
{ 0.999995 0.00167041 -0.00275611 0  }
{ -0.00156585 0.999295 0.0375147 0  }
{ 0.00281683 -0.0375102 0.999292 0  }
{ 1.1631 0.26964 1.32302 1  }

フレーム番号29 : 
{ 1 0.000434614 -0.000762055 0  }
{ -0.00040515 0.999268 0.0382476 0  }
{ 0.00077812 -0.0382472 0.999268 0  }
{ 1.1576 0.308398 1.3888 1  }

フレーム番号30 : 
{ 1 2.10826e-09 4.10048e-09 0  }
{ -2.26461e-09 0.999258 0.0385113 0  }
{ -4.01625e-09 -0.0385113 0.999258 0  }
{ 1.15552 0.322788 1.41176 1  }

