
[MeshData]

ボーン番号 : 7

ボーン名 : {  }

オフセット行列 : 
{ 1 0 0 0  }
{ -0 1 0 0  }
{ 0 -0 1 0  }
{ -1.8993e-17 1.85389 1.12012 1  }

アニメーション行列 : 
フレーム番号0 : 
{ 0.960363 0.0837169 0.265886 0  }
{ -0.0868429 0.996222 0 0  }
{ -0.264881 -0.0230903 0.964005 0  }
{ 0.0477506 1.89175 1.12012 1  }

フレーム番号1 : 
{ 0.96045 0.0836018 0.265605 0  }
{ -0.0867165 0.996233 0 0  }
{ -0.264605 -0.0230324 0.964082 0  }
{ 0.0476811 1.89169 1.12012 1  }

フレーム番号2 : 
{ 0.960709 0.0832615 0.264777 0  }
{ -0.0863431 0.996265 0 0  }
{ -0.263788 -0.0228616 0.96431 0  }
{ 0.0474758 1.89152 1.12012 1  }

フレーム番号3 : 
{ 0.96113 0.0827033 0.263418 0  }
{ -0.0857312 0.996318 0 0  }
{ -0.262448 -0.0225832 0.964682 0  }
{ 0.0471393 1.89123 1.12012 1  }

フレーム番号4 : 
{ 0.961706 0.0819342 0.261549 0  }
{ -0.0848892 0.99639 0 0  }
{ -0.260605 -0.0222026 0.96519 0  }
{ 0.0466763 1.89084 1.12012 1  }

フレーム番号5 : 
{ 0.962428 0.080961 0.259186 0  }
{ -0.0838256 0.99648 0 0  }
{ -0.258273 -0.0217264 0.965828 0  }
{ 0.0460915 1.89034 1.12012 1  }

フレーム番号6 : 
{ 0.963286 0.0797904 0.256347 0  }
{ -0.0825488 0.996587 0 0  }
{ -0.255473 -0.0211612 0.966585 0  }
{ 0.0453895 1.88974 1.12012 1  }

フレーム番号7 : 
{ 0.964268 0.0784289 0.253052 0  }
{ -0.0810674 0.996709 0 0  }
{ -0.252219 -0.0205143 0.967453 0  }
{ 0.0445749 1.88905 1.12012 1  }

フレーム番号8 : 
{ 0.965365 0.0768828 0.249317 0  }
{ -0.0793898 0.996844 0 0  }
{ -0.24853 -0.0197932 0.968422 0  }
{ 0.0436525 1.88827 1.12012 1  }

フレーム番号9 : 
{ 0.966565 0.0751585 0.24516 0  }
{ -0.0775243 0.99699 0 0  }
{ -0.244422 -0.0190058 0.969483 0  }
{ 0.0426268 1.88741 1.12012 1  }

フレーム番号10 : 
{ 0.967856 0.0732624 0.240599 0  }
{ -0.0754796 0.997147 0 0  }
{ -0.239912 -0.0181603 0.970625 0  }
{ 0.0415025 1.88646 1.12012 1  }

フレーム番号11 : 
{ 0.969226 0.0712007 0.235651 0  }
{ -0.073264 0.997313 0 0  }
{ -0.235018 -0.0172647 0.971838 0  }
{ 0.0402842 1.88544 1.12012 1  }

フレーム番号12 : 
{ 0.970663 0.06898 0.230335 0  }
{ -0.070886 0.997484 0 0  }
{ -0.229756 -0.0163275 0.973111 0  }
{ 0.0389767 1.88434 1.12012 1  }

フレーム番号13 : 
{ 0.972156 0.0666066 0.224668 0  }
{ -0.068354 0.997661 0 0  }
{ -0.224143 -0.015357 0.974435 0  }
{ 0.0375845 1.88318 1.12012 1  }

フレーム番号14 : 
{ 0.973692 0.0640871 0.218669 0  }
{ -0.0656766 0.997841 0 0  }
{ -0.218197 -0.0143614 0.975799 0  }
{ 0.0361123 1.88196 1.12012 1  }

フレーム番号15 : 
{ 0.97526 0.0614284 0.212354 0  }
{ -0.0628621 0.998022 0 0  }
{ -0.211934 -0.013349 0.977193 0  }
{ 0.0345647 1.88067 1.12012 1  }

フレーム番号16 : 
{ 0.976848 0.0586372 0.205743 0  }
{ -0.0599191 0.998203 0 0  }
{ -0.205374 -0.0123279 0.978606 0  }
{ 0.0329465 1.87934 1.12012 1  }

フレーム番号17 : 
{ 0.978444 0.0557206 0.198854 0  }
{ -0.056856 0.998382 0 0  }
{ -0.198532 -0.011306 0.980029 0  }
{ 0.0312623 1.87795 1.12012 1  }

フレーム番号18 : 
{ 0.980038 0.0526858 0.191704 0  }
{ -0.0536815 0.998558 0 0  }
{ -0.191428 -0.010291 0.981453 0  }
{ 0.0295168 1.87652 1.12012 1  }

フレーム番号19 : 
{ 0.981618 0.0495403 0.184314 0  }
{ -0.0504039 0.998729 0 0  }
{ -0.184079 -0.00929012 0.982867 0  }
{ 0.0277146 1.87505 1.12012 1  }

フレーム番号20 : 
{ 0.983176 0.0462917 0.1767 0  }
{ -0.0470318 0.998893 0 0  }
{ -0.176505 -0.00831052 0.984265 0  }
{ 0.0258604 1.87355 1.12012 1  }

フレーム番号21 : 
{ 0.9847 0.0429478 0.168883 0  }
{ -0.0435737 0.99905 0 0  }
{ -0.168722 -0.00735886 0.985636 0  }
{ 0.023959 1.87201 1.12012 1  }

フレーム番号22 : 
{ 0.986182 0.0395167 0.160881 0  }
{ -0.0400383 0.999198 0 0  }
{ -0.160752 -0.00644139 0.986974 0  }
{ 0.022015 1.87044 1.12012 1  }

フレーム番号23 : 
{ 0.987614 0.0360066 0.152713 0  }
{ -0.0364339 0.999336 0 0  }
{ -0.152612 -0.00556394 0.988271 0  }
{ 0.0200332 1.86885 1.12012 1  }

フレーム番号24 : 
{ 0.988988 0.0324259 0.144399 0  }
{ -0.0327693 0.999463 0 0  }
{ -0.144322 -0.00473186 0.98952 0  }
{ 0.0180182 1.86725 1.12012 1  }

フレーム番号25 : 
{ 0.990296 0.0287832 0.135959 0  }
{ -0.0290529 0.999578 0 0  }
{ -0.135901 -0.00395 0.990715 0  }
{ 0.0159748 1.86562 1.12012 1  }

フレーム番号26 : 
{ 0.991533 0.0250873 0.127411 0  }
{ -0.0252935 0.99968 0 0  }
{ -0.12737 -0.00322266 0.99185 0  }
{ 0.0139076 1.86399 1.12012 1  }

フレーム番号27 : 
{ 0.992692 0.0213472 0.118776 0  }
{ -0.0214994 0.999769 0 0  }
{ -0.118748 -0.00255361 0.992921 0  }
{ 0.0118215 1.86235 1.12012 1  }

フレーム番号28 : 
{ 0.993768 0.017572 0.110073 0  }
{ -0.0176794 0.999844 0 0  }
{ -0.110056 -0.00194603 0.993923 0  }
{ 0.00972102 1.86071 1.12012 1  }

フレーム番号29 : 
{ 0.994758 0.0137708 0.101323 0  }
{ -0.013842 0.999904 0 0  }
{ -0.101313 -0.00140252 0.994854 0  }
{ 0.00761105 1.85906 1.12012 1  }

フレーム番号30 : 
{ 0.995659 0.00995304 0.0925457 0  }
{ -0.00999593 0.99995 0 0  }
{ -0.0925411 -0.000925081 0.995708 0  }
{ 0.00549626 1.85743 1.12012 1  }

フレーム番号31 : 
{ 0.996467 0.00612806 0.0837612 0  }
{ -0.00614967 0.999981 0 0  }
{ -0.0837596 -0.000515104 0.996486 0  }
{ 0.0033814 1.8558 1.12012 1  }

フレーム番号32 : 
{ 0.997182 0.00230536 0.0749896 0  }
{ -0.00231187 0.999997 0 0  }
{ -0.0749894 -0.000173366 0.997184 0  }
{ 0.00127118 1.85418 1.12012 1  }

フレーム番号33 : 
{ 0.997802 -0.00150554 0.0662514 0  }
{ 0.00150886 0.999999 0 0  }
{ -0.0662513 9.99641e-05 0.997803 0  }
{ -0.000829647 1.85257 1.12012 1  }

フレーム番号34 : 
{ 0.998328 -0.00529513 0.0575668 0  }
{ 0.00530393 0.999986 0 0  }
{ -0.057566 0.00030533 0.998342 0  }
{ -0.00291636 1.85099 1.12012 1  }

フレーム番号35 : 
{ 0.99876 -0.00905384 0.0489562 0  }
{ 0.00906471 0.999959 0 0  }
{ -0.0489542 0.000443774 0.998801 0  }
{ -0.00498423 1.84943 1.12012 1  }

フレーム番号36 : 
{ 0.9991 -0.0127722 0.0404399 0  }
{ 0.0127826 0.999918 0 0  }
{ -0.0404366 0.000516928 0.999182 0  }
{ -0.00702852 1.84789 1.12012 1  }

フレーム番号37 : 
{ 0.999351 -0.0164406 0.0320382 0  }
{ 0.016449 0.999865 0 0  }
{ -0.0320339 0.000526998 0.999487 0  }
{ -0.00904451 1.84638 1.12012 1  }

フレーム番号38 : 
{ 0.999516 -0.0200497 0.0237715 0  }
{ 0.0200554 0.999799 1.20371e-35 0  }
{ -0.0237667 0.000476747 0.999717 0  }
{ -0.0110275 1.8449 1.12012 1  }

フレーム番号39 : 
{ 0.999599 -0.0235902 0.0156599 0  }
{ 0.0235931 0.999722 0 0  }
{ -0.0156555 0.000369466 0.999877 0  }
{ -0.0129727 1.84346 1.12012 1  }

フレーム番号40 : 
{ 0.999604 -0.0270528 0.00772376 0  }
{ 0.0270536 0.999634 0 0  }
{ -0.00772093 0.000208956 0.99997 0  }
{ -0.0148754 1.84206 1.12012 1  }

フレーム番号41 : 
{ 0.999537 -0.0304283 -1.68242e-05 0  }
{ 0.0304283 0.999537 0 0  }
{ 1.68165e-05 -5.11934e-07 1 0  }
{ -0.016731 1.8407 1.12012 1  }

フレーム番号42 : 
{ 0.999403 -0.0337077 -0.00754176 0  }
{ 0.0337087 0.999432 0 0  }
{ 0.00753748 -0.000254223 0.999972 0  }
{ -0.0185347 1.83938 1.12012 1  }

フレーム番号43 : 
{ 0.99921 -0.0368821 -0.014831 0  }
{ 0.0368861 0.999319 0 0  }
{ 0.014821 -0.00054706 0.99989 0  }
{ -0.0202818 1.83811 1.12012 1  }

フレーム番号44 : 
{ 0.998963 -0.0399426 -0.0218647 0  }
{ 0.0399522 0.999202 0 0  }
{ 0.0218473 -0.000873543 0.999761 0  }
{ -0.0219677 1.83688 1.12012 1  }

フレーム番号45 : 
{ 0.99867 -0.0428806 -0.028623 0  }
{ 0.0428982 0.999079 0 0  }
{ 0.0285966 -0.00122787 0.99959 0  }
{ -0.0235876 1.83571 1.12012 1  }

フレーム番号46 : 
{ 0.998339 -0.0456876 -0.035086 0  }
{ 0.0457157 0.998954 0 0  }
{ 0.0350494 -0.00160398 0.999384 0  }
{ -0.0251368 1.8346 1.12012 1  }

フレーム番号47 : 
{ 0.997979 -0.0483551 -0.0412342 0  }
{ 0.0483962 0.998828 0 0  }
{ 0.0411859 -0.00199558 0.99915 0  }
{ -0.0266107 1.83354 1.12012 1  }

フレーム番号48 : 
{ 0.997596 -0.0508748 -0.0470479 0  }
{ 0.0509312 0.998702 0 0  }
{ 0.0469869 -0.00239621 0.998893 0  }
{ -0.0280045 1.83255 1.12012 1  }

フレーム番号49 : 
{ 0.9972 -0.0532387 -0.0525076 0  }
{ 0.0533122 0.998578 0 0  }
{ 0.052433 -0.0027993 0.998621 0  }
{ -0.0293137 1.83162 1.12012 1  }

フレーム番号50 : 
{ 0.9968 -0.0554385 -0.0575939 0  }
{ 0.0555307 0.998457 0 0  }
{ 0.057505 -0.00319823 0.99834 0  }
{ -0.0305335 1.83075 1.12012 1  }

フレーム番号51 : 
{ 0.996403 -0.0574663 -0.0622874 0  }
{ 0.0575781 0.998341 0 0  }
{ 0.062184 -0.00358639 0.998058 0  }
{ -0.0316593 1.82996 1.12012 1  }

フレーム番号52 : 
{ 0.996017 -0.0593143 -0.0665686 0  }
{ 0.0594461 0.998232 0 0  }
{ 0.0664509 -0.00395725 0.997782 0  }
{ -0.0326864 1.82923 1.12012 1  }

フレーム番号53 : 
{ 0.995652 -0.0609744 -0.0704185 0  }
{ 0.0611261 0.99813 0 0  }
{ 0.0702868 -0.00430441 0.997518 0  }
{ -0.0336102 1.82858 1.12012 1  }

フレーム番号54 : 
{ 0.995315 -0.0624389 -0.0738176 0  }
{ 0.0626097 0.998038 0 0  }
{ 0.0736727 -0.00462169 0.997272 0  }
{ -0.0344259 1.82801 1.12012 1  }

フレーム番号55 : 
{ 0.995014 -0.0636998 -0.0767467 0  }
{ 0.0638883 0.997957 0 0  }
{ 0.0765899 -0.00490322 0.997051 0  }
{ -0.035129 1.82752 1.12012 1  }

フレーム番号56 : 
{ 0.994755 -0.0647495 -0.0791866 0  }
{ 0.0649535 0.997888 0 0  }
{ 0.0790194 -0.00514344 0.99686 0  }
{ -0.0357147 1.82711 1.12012 1  }

フレーム番号57 : 
{ 0.994545 -0.0655799 -0.081118 0  }
{ 0.0657968 0.997833 0 0  }
{ 0.0809422 -0.0053373 0.996705 0  }
{ -0.0361783 1.82678 1.12012 1  }

フレーム番号58 : 
{ 0.994389 -0.0661831 -0.0825215 0  }
{ 0.0664096 0.997792 0 0  }
{ 0.0823394 -0.00548023 0.996589 0  }
{ -0.0365153 1.82655 1.12012 1  }

フレーム番号59 : 
{ 0.994293 -0.0665511 -0.0833779 0  }
{ 0.0667836 0.997768 0 0  }
{ 0.0831918 -0.00556828 0.996518 0  }
{ -0.036721 1.8264 1.12012 1  }

フレーム番号60 : 
{ 0.994261 -0.0666756 -0.0836677 0  }
{ 0.0669102 0.997759 0 0  }
{ 0.0834802 -0.00559822 0.996494 0  }
{ -0.0367906 1.82635 1.12012 1  }

フレーム番号61 : 
{ 0.994293 -0.0665511 -0.0833779 0  }
{ 0.0667836 0.997768 0 0  }
{ 0.0831918 -0.00556828 0.996518 0  }
{ -0.036721 1.8264 1.12012 1  }

フレーム番号62 : 
{ 0.994389 -0.0661831 -0.0825215 0  }
{ 0.0664096 0.997792 0 0  }
{ 0.0823393 -0.00548022 0.996589 0  }
{ -0.0365153 1.82655 1.12012 1  }

フレーム番号63 : 
{ 0.994545 -0.0655799 -0.0811179 0  }
{ 0.0657968 0.997833 0 0  }
{ 0.0809422 -0.0053373 0.996705 0  }
{ -0.0361783 1.82679 1.12012 1  }

フレーム番号64 : 
{ 0.994755 -0.0647495 -0.0791865 0  }
{ 0.0649535 0.997888 0 0  }
{ 0.0790193 -0.00514344 0.99686 0  }
{ -0.0357147 1.82711 1.12012 1  }

フレーム番号65 : 
{ 0.995014 -0.0636998 -0.0767466 0  }
{ 0.0638883 0.997957 0 0  }
{ 0.0765898 -0.00490321 0.997051 0  }
{ -0.035129 1.82753 1.12012 1  }

フレーム番号66 : 
{ 0.995315 -0.0624389 -0.0738174 0  }
{ 0.0626097 0.998038 0 0  }
{ 0.0736725 -0.00462168 0.997272 0  }
{ -0.0344259 1.82802 1.12012 1  }

フレーム番号67 : 
{ 0.995652 -0.0609744 -0.0704182 0  }
{ 0.0611261 0.99813 0 0  }
{ 0.0702865 -0.00430439 0.997518 0  }
{ -0.0336102 1.8286 1.12012 1  }

フレーム番号68 : 
{ 0.996017 -0.0593143 -0.0665683 0  }
{ 0.0594461 0.998232 0 0  }
{ 0.0664506 -0.00395723 0.997782 0  }
{ -0.0326864 1.82925 1.12012 1  }

フレーム番号69 : 
{ 0.996403 -0.0574663 -0.0622869 0  }
{ 0.0575781 0.998341 0 0  }
{ 0.0621836 -0.00358636 0.998058 0  }
{ -0.0316593 1.82999 1.12012 1  }

フレーム番号70 : 
{ 0.9968 -0.0554385 -0.0575934 0  }
{ 0.0555307 0.998457 0 0  }
{ 0.0575045 -0.0031982 0.99834 0  }
{ -0.0305335 1.83079 1.12012 1  }

フレーム番号71 : 
{ 0.9972 -0.0532387 -0.052507 0  }
{ 0.0533122 0.998578 0 0  }
{ 0.0524323 -0.00279926 0.998621 0  }
{ -0.0293137 1.83166 1.12012 1  }

フレーム番号72 : 
{ 0.997596 -0.0508748 -0.0470471 0  }
{ 0.0509312 0.998702 0 0  }
{ 0.0469861 -0.00239617 0.998893 0  }
{ -0.0280045 1.8326 1.12012 1  }

フレーム番号73 : 
{ 0.997979 -0.0483551 -0.0412333 0  }
{ 0.0483962 0.998828 0 0  }
{ 0.041185 -0.00199554 0.99915 0  }
{ -0.0266107 1.8336 1.12012 1  }

フレーム番号74 : 
{ 0.998339 -0.0456876 -0.035085 0  }
{ 0.0457157 0.998954 0 0  }
{ 0.0350483 -0.00160394 0.999384 0  }
{ -0.0251368 1.83467 1.12012 1  }

フレーム番号75 : 
{ 0.99867 -0.0428806 -0.0286218 0  }
{ 0.0428982 0.999079 0 0  }
{ 0.0285955 -0.00122782 0.99959 0  }
{ -0.0235876 1.83579 1.12012 1  }

フレーム番号76 : 
{ 0.998963 -0.0399426 -0.0218634 0  }
{ 0.0399522 0.999202 0 0  }
{ 0.021846 -0.000873492 0.999761 0  }
{ -0.0219677 1.83697 1.12012 1  }

フレーム番号77 : 
{ 0.99921 -0.0368821 -0.0148296 0  }
{ 0.0368862 0.999319 0 0  }
{ 0.0148195 -0.000547007 0.99989 0  }
{ -0.0202819 1.8382 1.12012 1  }

フレーム番号78 : 
{ 0.999403 -0.0337077 -0.00754017 0  }
{ 0.0337087 0.999432 0 0  }
{ 0.00753588 -0.000254169 0.999972 0  }
{ -0.0185347 1.83948 1.12012 1  }

フレーム番号79 : 
{ 0.999537 -0.0304284 -1.50663e-05 0  }
{ 0.0304284 0.999537 0 0  }
{ 1.50593e-05 -4.58442e-07 1 0  }
{ -0.016731 1.84081 1.12012 1  }

フレーム番号80 : 
{ 0.999604 -0.0270528 0.00772568 0  }
{ 0.0270537 0.999634 0 0  }
{ -0.00772285 0.000209008 0.99997 0  }
{ -0.0148754 1.84218 1.12012 1  }

フレーム番号81 : 
{ 0.999599 -0.0235903 0.015662 0  }
{ 0.0235932 0.999722 0 0  }
{ -0.0156576 0.000369516 0.999877 0  }
{ -0.0129727 1.8436 1.12012 1  }

フレーム番号82 : 
{ 0.999516 -0.0200498 0.0237737 0  }
{ 0.0200554 0.999799 0 0  }
{ -0.0237689 0.000476792 0.999717 0  }
{ -0.0110275 1.84505 1.12012 1  }

フレーム番号83 : 
{ 0.999351 -0.0164406 0.0320407 0  }
{ 0.0164491 0.999865 0 0  }
{ -0.0320363 0.000527039 0.999487 0  }
{ -0.00904452 1.84654 1.12012 1  }

フレーム番号84 : 
{ 0.9991 -0.0127722 0.0404425 0  }
{ 0.0127826 0.999918 0 0  }
{ -0.0404392 0.000516962 0.999182 0  }
{ -0.00702854 1.84806 1.12012 1  }

フレーム番号85 : 
{ 0.99876 -0.00905387 0.048959 0  }
{ 0.00906474 0.999959 0 0  }
{ -0.048957 0.000443801 0.998801 0  }
{ -0.00498425 1.84961 1.12012 1  }

フレーム番号86 : 
{ 0.998327 -0.00529516 0.0575698 0  }
{ 0.00530396 0.999986 0 0  }
{ -0.057569 0.000305348 0.998342 0  }
{ -0.00291638 1.85118 1.12012 1  }

フレーム番号87 : 
{ 0.997802 -0.00150559 0.0662546 0  }
{ 0.0015089 0.999999 0 0  }
{ -0.0662545 9.99717e-05 0.997803 0  }
{ -0.00082967 1.85278 1.12012 1  }

フレーム番号88 : 
{ 0.997181 0.00230532 0.074993 0  }
{ -0.00231183 0.999997 0 0  }
{ -0.0749928 -0.000173371 0.997184 0  }
{ 0.00127116 1.85439 1.12012 1  }

フレーム番号89 : 
{ 0.996467 0.00612802 0.0837647 0  }
{ -0.00614963 0.999981 0 0  }
{ -0.0837631 -0.000515122 0.996486 0  }
{ 0.00338137 1.85602 1.12012 1  }

フレーム番号90 : 
{ 0.995658 0.00995299 0.0925494 0  }
{ -0.00999589 0.99995 0 0  }
{ -0.0925448 -0.000925114 0.995708 0  }
{ 0.00549624 1.85766 1.12012 1  }

フレーム番号91 : 
{ 0.994758 0.0137708 0.101327 0  }
{ -0.013842 0.999904 0 0  }
{ -0.101317 -0.00140257 0.994853 0  }
{ 0.00761102 1.85931 1.12012 1  }

フレーム番号92 : 
{ 0.993768 0.0175719 0.110077 0  }
{ -0.0176794 0.999844 0 0  }
{ -0.11006 -0.00194609 0.993923 0  }
{ 0.009721 1.86097 1.12012 1  }

フレーム番号93 : 
{ 0.992691 0.0213472 0.11878 0  }
{ -0.0214994 0.999769 0 0  }
{ -0.118752 -0.00255369 0.992921 0  }
{ 0.0118214 1.86262 1.12012 1  }

フレーム番号94 : 
{ 0.991532 0.0250872 0.127415 0  }
{ -0.0252934 0.99968 0 0  }
{ -0.127374 -0.00322276 0.991849 0  }
{ 0.0139076 1.86428 1.12012 1  }

フレーム番号95 : 
{ 0.990296 0.0287831 0.135963 0  }
{ -0.0290529 0.999578 0 0  }
{ -0.135906 -0.00395012 0.990714 0  }
{ 0.0159747 1.86592 1.12012 1  }

フレーム番号96 : 
{ 0.988987 0.0324258 0.144404 0  }
{ -0.0327692 0.999463 0 0  }
{ -0.144326 -0.00473201 0.989519 0  }
{ 0.0180182 1.86756 1.12012 1  }

フレーム番号97 : 
{ 0.987614 0.0360065 0.152718 0  }
{ -0.0364339 0.999336 0 0  }
{ -0.152617 -0.00556411 0.98827 0  }
{ 0.0200332 1.86917 1.12012 1  }

フレーム番号98 : 
{ 0.986182 0.0395166 0.160886 0  }
{ -0.0400382 0.999198 0 0  }
{ -0.160757 -0.00644158 0.986973 0  }
{ 0.022015 1.87077 1.12012 1  }

フレーム番号99 : 
{ 0.984699 0.0429477 0.168888 0  }
{ -0.0435737 0.99905 0 0  }
{ -0.168728 -0.00735907 0.985635 0  }
{ 0.023959 1.87235 1.12012 1  }

フレーム番号100 : 
{ 0.983175 0.0462916 0.176706 0  }
{ -0.0470317 0.998893 0 0  }
{ -0.17651 -0.00831077 0.984264 0  }
{ 0.0258604 1.8739 1.12012 1  }

フレーム番号101 : 
{ 0.981617 0.0495402 0.184319 0  }
{ -0.0504038 0.998729 0 0  }
{ -0.184085 -0.00929039 0.982866 0  }
{ 0.0277145 1.87542 1.12012 1  }

フレーム番号102 : 
{ 0.980036 0.0526857 0.19171 0  }
{ -0.0536814 0.998558 0 0  }
{ -0.191434 -0.0102913 0.981452 0  }
{ 0.0295167 1.8769 1.12012 1  }

フレーム番号103 : 
{ 0.978443 0.0557204 0.19886 0  }
{ -0.056856 0.998382 0 0  }
{ -0.198538 -0.0113064 0.980028 0  }
{ 0.0312622 1.87834 1.12012 1  }

フレーム番号104 : 
{ 0.976846 0.058637 0.205749 0  }
{ -0.059919 0.998203 0 0  }
{ -0.20538 -0.0123283 0.978605 0  }
{ 0.0329465 1.87973 1.12012 1  }

フレーム番号105 : 
{ 0.975259 0.0614282 0.21236 0  }
{ -0.062862 0.998022 0 0  }
{ -0.21194 -0.0133494 0.977191 0  }
{ 0.0345647 1.88108 1.12012 1  }

フレーム番号106 : 
{ 0.973691 0.064087 0.218675 0  }
{ -0.0656765 0.997841 0 0  }
{ -0.218203 -0.0143618 0.975798 0  }
{ 0.0361122 1.88237 1.12012 1  }

フレーム番号107 : 
{ 0.972155 0.0666064 0.224675 0  }
{ -0.0683539 0.997661 0 0  }
{ -0.224149 -0.0153574 0.974434 0  }
{ 0.0375844 1.8836 1.12012 1  }

フレーム番号108 : 
{ 0.970662 0.0689798 0.230342 0  }
{ -0.0708859 0.997484 0 0  }
{ -0.229762 -0.016328 0.97311 0  }
{ 0.0389766 1.88477 1.12012 1  }

フレーム番号109 : 
{ 0.969224 0.0712005 0.235658 0  }
{ -0.0732639 0.997313 0 0  }
{ -0.235024 -0.0172652 0.971836 0  }
{ 0.0402842 1.88587 1.12012 1  }

フレーム番号110 : 
{ 0.967854 0.0732622 0.240605 0  }
{ -0.0754795 0.997147 0 0  }
{ -0.239919 -0.0181608 0.970623 0  }
{ 0.0415024 1.8869 1.12012 1  }

フレーム番号111 : 
{ 0.966563 0.0751583 0.245166 0  }
{ -0.0775243 0.99699 0 0  }
{ -0.244429 -0.0190063 0.969481 0  }
{ 0.0426267 1.88785 1.12012 1  }

フレーム番号112 : 
{ 0.965364 0.0768826 0.249324 0  }
{ -0.0793897 0.996844 0 0  }
{ -0.248537 -0.0197937 0.96842 0  }
{ 0.0436524 1.88873 1.12012 1  }

フレーム番号113 : 
{ 0.964267 0.0784286 0.253059 0  }
{ -0.0810673 0.996709 0 0  }
{ -0.252226 -0.0205148 0.967451 0  }
{ 0.0445749 1.88951 1.12012 1  }

フレーム番号114 : 
{ 0.963284 0.0797902 0.256354 0  }
{ -0.0825487 0.996587 0 0  }
{ -0.255479 -0.0211617 0.966583 0  }
{ 0.0453894 1.89021 1.12012 1  }

フレーム番号115 : 
{ 0.962426 0.0809608 0.259193 0  }
{ -0.0838254 0.99648 0 0  }
{ -0.25828 -0.0217269 0.965826 0  }
{ 0.0460914 1.89081 1.12012 1  }

フレーム番号116 : 
{ 0.961704 0.0819339 0.261556 0  }
{ -0.0848891 0.99639 0 0  }
{ -0.260612 -0.0222032 0.965188 0  }
{ 0.0466762 1.89131 1.12012 1  }

フレーム番号117 : 
{ 0.961128 0.082703 0.263425 0  }
{ -0.0857311 0.996318 0 0  }
{ -0.262456 -0.0225837 0.96468 0  }
{ 0.0471392 1.8917 1.12012 1  }

フレーム番号118 : 
{ 0.960707 0.0832612 0.264784 0  }
{ -0.086343 0.996265 0 0  }
{ -0.263795 -0.0228622 0.964308 0  }
{ 0.0474757 1.89199 1.12012 1  }

フレーム番号119 : 
{ 0.960448 0.0836016 0.265612 0  }
{ -0.0867164 0.996233 0 0  }
{ -0.264612 -0.0230329 0.96408 0  }
{ 0.047681 1.89217 1.12012 1  }

フレーム番号120 : 
{ 0.960361 0.0837167 0.265893 0  }
{ -0.0868428 0.996222 0 0  }
{ -0.264888 -0.0230909 0.964003 0  }
{ 0.0477505 1.89223 1.12012 1  }

