
[MeshData]

ボーン番号 : 1

ボーン名 : {  }

オフセット行列 : 
{ 0.999204 0 0.0398916 0  }
{ -0 1 0 0  }
{ -0.0398916 -0 0.999204 0  }
{ -1.02083e-15 1.85389 -1.12012 1  }

アニメーション行列 : 
フレーム番号0 : 
{ 0.99169 0.0864478 -0.095279 0  }
{ -0.0868429 0.996222 0 0  }
{ 0.0949191 0.0082743 0.995451 0  }
{ 0.0477506 1.89175 -1.12012 1  }

フレーム番号1 : 
{ 0.991726 0.0863242 -0.0950125 0  }
{ -0.0867165 0.996233 0 0  }
{ 0.0946546 0.00823915 0.995476 0  }
{ 0.0476811 1.89169 -1.12012 1  }

フレーム番号2 : 
{ 0.991833 0.085959 -0.0942248 0  }
{ -0.0863431 0.996265 0 0  }
{ 0.0938729 0.00813566 0.995551 0  }
{ 0.0474758 1.89151 -1.12012 1  }

フレーム番号3 : 
{ 0.992007 0.0853601 -0.0929338 0  }
{ -0.0857312 0.996318 0 0  }
{ 0.0925917 0.00796732 0.995672 0  }
{ 0.0471393 1.89123 -1.12012 1  }

フレーム番号4 : 
{ 0.992242 0.0845357 -0.0911573 0  }
{ -0.0848892 0.99639 0 0  }
{ 0.0908283 0.00773827 0.995836 0  }
{ 0.0466763 1.89083 -1.12012 1  }

フレーム番号5 : 
{ 0.992534 0.0834935 -0.0889131 0  }
{ -0.0838256 0.99648 0 0  }
{ 0.0886002 0.00745319 0.996039 0  }
{ 0.0460915 1.89034 -1.12012 1  }

フレーム番号6 : 
{ 0.992876 0.0822414 -0.0862189 0  }
{ -0.0825488 0.996587 0 0  }
{ 0.0859246 0.00711726 0.996276 0  }
{ 0.0453895 1.88974 -1.12012 1  }

フレーム番号7 : 
{ 0.993262 0.080787 -0.0830922 0  }
{ -0.0810674 0.996709 0 0  }
{ 0.0828188 0.00673607 0.996542 0  }
{ 0.0445749 1.88905 -1.12012 1  }

フレーム番号8 : 
{ 0.993684 0.0791382 -0.079551 0  }
{ -0.0793898 0.996844 0 0  }
{ 0.0792999 0.00631553 0.996831 0  }
{ 0.0436525 1.88827 -1.12012 1  }

フレーム番号9 : 
{ 0.994136 0.0773024 -0.0756127 0  }
{ -0.0775243 0.99699 0 0  }
{ 0.0753851 0.00586182 0.997137 0  }
{ 0.0426268 1.8874 -1.12012 1  }

フレーム番号10 : 
{ 0.99461 0.0752875 -0.0712951 0  }
{ -0.0754796 0.997147 0 0  }
{ 0.0710918 0.00538133 0.997455 0  }
{ 0.0415025 1.88646 -1.12012 1  }

フレーム番号11 : 
{ 0.995097 0.0731013 -0.0666161 0  }
{ -0.073264 0.997313 0 0  }
{ 0.066437 0.00488056 0.997779 0  }
{ 0.0402842 1.88543 -1.12012 1  }

フレーム番号12 : 
{ 0.995591 0.0707514 -0.0615932 0  }
{ -0.070886 0.997484 0 0  }
{ 0.0614382 0.00436609 0.998101 0  }
{ 0.0389767 1.88434 -1.12012 1  }

フレーム番号13 : 
{ 0.996082 0.0682458 -0.0562443 0  }
{ -0.068354 0.997661 0 0  }
{ 0.0561128 0.00384453 0.998417 0  }
{ 0.0375845 1.88318 -1.12012 1  }

フレーム番号14 : 
{ 0.996563 0.0655925 -0.0505874 0  }
{ -0.0656766 0.997841 0 0  }
{ 0.0504782 0.00332241 0.99872 0  }
{ 0.0361123 1.88195 -1.12012 1  }

フレーム番号15 : 
{ 0.997027 0.0627994 -0.0446403 0  }
{ -0.0628621 0.998022 -9.62965e-35 0  }
{ 0.044552 0.00280618 0.999003 0  }
{ 0.0345647 1.88067 -1.12012 1  }

フレーム番号16 : 
{ 0.997466 0.0598748 -0.0384211 0  }
{ -0.0599191 0.998203 0 0  }
{ 0.0383521 0.00230216 0.999262 0  }
{ 0.0329465 1.87934 -1.12012 1  }

フレーム番号17 : 
{ 0.997873 0.056827 -0.0319478 0  }
{ -0.056856 0.998382 0 0  }
{ 0.0318961 0.00181643 0.99949 0  }
{ 0.0312623 1.87795 -1.12012 1  }

フレーム番号18 : 
{ 0.99824 0.0536644 -0.0252386 0  }
{ -0.0536815 0.998558 0 0  }
{ 0.0252022 0.00135484 0.999681 0  }
{ 0.0295168 1.87652 -1.12012 1  }

フレーム番号19 : 
{ 0.998561 0.0503954 -0.0183116 0  }
{ -0.0504039 0.998729 0 0  }
{ 0.0182884 0.000922977 0.999832 0  }
{ 0.0277146 1.87505 -1.12012 1  }

フレーム番号20 : 
{ 0.998831 0.0470288 -0.0111853 0  }
{ -0.0470318 0.998893 0 0  }
{ 0.0111729 0.000526062 0.999937 0  }
{ 0.0258604 1.87354 -1.12012 1  }

フレーム番号21 : 
{ 0.999043 0.0435734 -0.00387781 0  }
{ -0.0435737 0.99905 0 0  }
{ 0.00387413 0.000168971 0.999992 0  }
{ 0.023959 1.87201 -1.12012 1  }

フレーム番号22 : 
{ 0.999192 0.040038 0.00359231 0  }
{ -0.0400383 0.999198 0 0  }
{ -0.00358942 -0.00014383 0.999994 0  }
{ 0.0220151 1.87044 -1.12012 1  }

フレーム番号23 : 
{ 0.999273 0.0364316 0.0112066 0  }
{ -0.0364339 0.999336 0 0  }
{ -0.0111992 -0.000408301 0.999937 0  }
{ 0.0200332 1.86885 -1.12012 1  }

フレーム番号24 : 
{ 0.999284 0.0327634 0.0189466 0  }
{ -0.0327693 0.999463 0 0  }
{ -0.0189364 -0.000620867 0.99982 0  }
{ 0.0180182 1.86724 -1.12012 1  }

フレーム番号25 : 
{ 0.999219 0.0290425 0.0267937 0  }
{ -0.0290529 0.999578 0 0  }
{ -0.0267824 -0.000778437 0.999641 0  }
{ 0.0159748 1.86562 -1.12012 1  }

フレーム番号26 : 
{ 0.999077 0.0252782 0.0347294 0  }
{ -0.0252935 0.99968 0 0  }
{ -0.0347183 -0.000878427 0.999397 0  }
{ 0.0139076 1.86399 -1.12012 1  }

フレーム番号27 : 
{ 0.998856 0.0214798 0.0427351 0  }
{ -0.0214994 0.999769 0 0  }
{ -0.0427252 -0.000918779 0.999086 0  }
{ 0.0118215 1.86235 -1.12012 1  }

フレーム番号28 : 
{ 0.998553 0.0176566 0.050792 0  }
{ -0.0176794 0.999844 0 0  }
{ -0.0507841 -0.000897973 0.998709 0  }
{ 0.00972103 1.8607 -1.12012 1  }

フレーム番号29 : 
{ 0.998169 0.013818 0.0588817 0  }
{ -0.013842 0.999904 0 0  }
{ -0.0588761 -0.000815044 0.998265 0  }
{ 0.00761106 1.85906 -1.12012 1  }

フレーム番号30 : 
{ 0.997704 0.00997348 0.0669856 0  }
{ -0.00999593 0.99995 0 0  }
{ -0.0669822 -0.000669583 0.997754 0  }
{ 0.00549627 1.85742 -1.12012 1  }

フレーム番号31 : 
{ 0.997158 0.00613231 0.075085 0  }
{ -0.00614967 0.999981 0 0  }
{ -0.0750836 -0.000461748 0.997177 0  }
{ 0.0033814 1.85579 -1.12012 1  }

フレーム番号32 : 
{ 0.996533 0.00230386 0.0831615 0  }
{ -0.00231187 0.999997 0 0  }
{ -0.0831613 -0.000192259 0.996536 0  }
{ 0.00127118 1.85417 -1.12012 1  }

フレーム番号33 : 
{ 0.995832 -0.00150257 0.0911966 0  }
{ 0.00150886 0.999999 0 0  }
{ -0.0911965 0.000137603 0.995833 0  }
{ -0.000829647 1.85257 -1.12012 1  }

フレーム番号34 : 
{ 0.995056 -0.00527778 0.0991719 0  }
{ 0.00530393 0.999986 0 0  }
{ -0.0991705 0.000526 0.99507 0  }
{ -0.00291637 1.85099 -1.12012 1  }

フレーム番号35 : 
{ 0.994211 -0.0090126 0.107069 0  }
{ 0.00906471 0.999959 0 0  }
{ -0.107065 0.000970549 0.994252 0  }
{ -0.00498423 1.84942 -1.12012 1  }

フレーム番号36 : 
{ 0.993299 -0.012698 0.11487 0  }
{ 0.0127826 0.999918 0 0  }
{ -0.11486 0.00146833 0.993381 0  }
{ -0.00702852 1.84789 -1.12012 1  }

フレーム番号37 : 
{ 0.992327 -0.016325 0.122556 0  }
{ 0.016449 0.999865 0 0  }
{ -0.122539 0.00201593 0.992462 0  }
{ -0.00904451 1.84638 -1.12012 1  }

フレーム番号38 : 
{ 0.9913 -0.0198849 0.130109 0  }
{ 0.0200554 0.999799 0 0  }
{ -0.130083 0.0026094 0.9915 0  }
{ -0.0110275 1.8449 -1.12012 1  }

フレーム番号39 : 
{ 0.990224 -0.023369 0.137512 0  }
{ 0.0235931 0.999722 0 0  }
{ -0.137474 0.00324434 0.9905 0  }
{ -0.0129727 1.84346 -1.12012 1  }

フレーム番号40 : 
{ 0.989107 -0.0267687 0.144747 0  }
{ 0.0270536 0.999634 0 0  }
{ -0.144694 0.00391592 0.989469 0  }
{ -0.0148754 1.84206 -1.12012 1  }

フレーム番号41 : 
{ 0.987954 -0.0300757 0.151795 0  }
{ 0.0304283 0.999537 0 0  }
{ -0.151725 0.00461887 0.988412 0  }
{ -0.016731 1.84069 -1.12012 1  }

フレーム番号42 : 
{ 0.986775 -0.0332818 0.15864 0  }
{ 0.0337087 0.999432 0 0  }
{ -0.15855 0.00534754 0.987337 0  }
{ -0.0185347 1.83938 -1.12012 1  }

フレーム番号43 : 
{ 0.985578 -0.0363789 0.165263 0  }
{ 0.0368861 0.999319 0 0  }
{ -0.165151 0.00609592 0.98625 0  }
{ -0.0202819 1.8381 -1.12012 1  }

フレーム番号44 : 
{ 0.984372 -0.0393592 0.171648 0  }
{ 0.0399522 0.999202 0 0  }
{ -0.171511 0.0068577 0.985158 0  }
{ -0.0219677 1.83688 -1.12012 1  }

フレーム番号45 : 
{ 0.983165 -0.0422148 0.177777 0  }
{ 0.0428982 0.999079 0 0  }
{ -0.177613 0.0076263 0.984071 0  }
{ -0.0235876 1.83571 -1.12012 1  }

フレーム番号46 : 
{ 0.981967 -0.0449383 0.183633 0  }
{ 0.0457157 0.998954 0 0  }
{ -0.183441 0.00839489 0.982995 0  }
{ -0.0251368 1.8346 -1.12012 1  }

フレーム番号47 : 
{ 0.980788 -0.0475222 0.189198 0  }
{ 0.0483962 0.998828 0 0  }
{ -0.188977 0.00915648 0.981939 0  }
{ -0.0266107 1.83354 -1.12012 1  }

フレーム番号48 : 
{ 0.979638 -0.049959 0.194457 0  }
{ 0.0509312 0.998702 0 0  }
{ -0.194204 0.00990393 0.980911 0  }
{ -0.0280046 1.83255 -1.12012 1  }

フレーム番号49 : 
{ 0.978526 -0.0522417 0.199392 0  }
{ 0.0533122 0.998578 0 0  }
{ -0.199108 0.01063 0.97992 0  }
{ -0.0293137 1.83161 -1.12012 1  }

フレーム番号50 : 
{ 0.977463 -0.0543631 0.203985 0  }
{ 0.0555307 0.998457 0 0  }
{ -0.203671 0.0113274 0.978974 0  }
{ -0.0305336 1.83075 -1.12012 1  }

フレーム番号51 : 
{ 0.976459 -0.0563161 0.208222 0  }
{ 0.0575781 0.998341 0 0  }
{ -0.207876 0.011989 0.978082 0  }
{ -0.0316594 1.82995 -1.12012 1  }

フレーム番号52 : 
{ 0.975523 -0.0580938 0.212084 0  }
{ 0.0594461 0.998232 0 0  }
{ -0.211709 0.0126075 0.977252 0  }
{ -0.0326865 1.82923 -1.12012 1  }

フレーム番号53 : 
{ 0.974666 -0.0596891 0.215555 0  }
{ 0.0611261 0.99813 0 0  }
{ -0.215151 0.013176 0.976492 0  }
{ -0.0336102 1.82858 -1.12012 1  }

フレーム番号54 : 
{ 0.973896 -0.0610952 0.218618 0  }
{ 0.0626097 0.998038 0 0  }
{ -0.218189 0.0136876 0.975811 0  }
{ -0.0344259 1.82801 -1.12012 1  }

フレーム番号55 : 
{ 0.973223 -0.0623049 0.221256 0  }
{ 0.0638883 0.997957 0 0  }
{ -0.220804 0.0141357 0.975216 0  }
{ -0.035129 1.82751 -1.12012 1  }

フレーム番号56 : 
{ 0.972656 -0.0633111 0.223453 0  }
{ 0.0649535 0.997888 0 0  }
{ -0.222981 0.014514 0.974715 0  }
{ -0.0357147 1.8271 -1.12012 1  }

フレーム番号57 : 
{ 0.972203 -0.0641067 0.225192 0  }
{ 0.0657968 0.997833 0 0  }
{ -0.224704 0.0148169 0.974315 0  }
{ -0.0361784 1.82678 -1.12012 1  }

フレーム番号58 : 
{ 0.971871 -0.0646844 0.226455 0  }
{ 0.0664096 0.997792 0 0  }
{ -0.225955 0.0150388 0.974022 0  }
{ -0.0365154 1.82654 -1.12012 1  }

フレーム番号59 : 
{ 0.971668 -0.0650367 0.227225 0  }
{ 0.0667836 0.997768 3.85186e-34 0  }
{ -0.226718 0.0151749 0.973842 0  }
{ -0.036721 1.8264 -1.12012 1  }

フレーム番号60 : 
{ 0.971599 -0.0651559 0.227486 0  }
{ 0.0669102 0.997759 0 0  }
{ -0.226976 0.0152211 0.973781 0  }
{ -0.0367906 1.82635 -1.12012 1  }

フレーム番号61 : 
{ 0.971668 -0.0650367 0.227225 0  }
{ 0.0667836 0.997768 3.85186e-34 0  }
{ -0.226718 0.0151749 0.973842 0  }
{ -0.036721 1.8264 -1.12012 1  }

フレーム番号62 : 
{ 0.971871 -0.0646844 0.226455 0  }
{ 0.0664096 0.997792 0 0  }
{ -0.225955 0.0150388 0.974022 0  }
{ -0.0365154 1.82655 -1.12012 1  }

フレーム番号63 : 
{ 0.972203 -0.0641067 0.225192 0  }
{ 0.0657968 0.997833 0 0  }
{ -0.224704 0.0148169 0.974315 0  }
{ -0.0361784 1.82678 -1.12012 1  }

フレーム番号64 : 
{ 0.972656 -0.0633111 0.223453 0  }
{ 0.0649535 0.997888 0 0  }
{ -0.222981 0.0145141 0.974715 0  }
{ -0.0357147 1.82711 -1.12012 1  }

フレーム番号65 : 
{ 0.973223 -0.0623049 0.221256 0  }
{ 0.0638883 0.997957 0 0  }
{ -0.220804 0.0141357 0.975216 0  }
{ -0.035129 1.82752 -1.12012 1  }

フレーム番号66 : 
{ 0.973896 -0.0610952 0.218618 0  }
{ 0.0626097 0.998038 0 0  }
{ -0.218189 0.0136876 0.975811 0  }
{ -0.0344259 1.82802 -1.12012 1  }

フレーム番号67 : 
{ 0.974666 -0.0596891 0.215555 0  }
{ 0.0611261 0.99813 0 0  }
{ -0.215152 0.013176 0.976492 0  }
{ -0.0336102 1.8286 -1.12012 1  }

フレーム番号68 : 
{ 0.975523 -0.0580938 0.212084 0  }
{ 0.0594461 0.998232 0 0  }
{ -0.211709 0.0126076 0.977251 0  }
{ -0.0326865 1.82925 -1.12012 1  }

フレーム番号69 : 
{ 0.976459 -0.0563161 0.208222 0  }
{ 0.0575781 0.998341 0 0  }
{ -0.207877 0.011989 0.978082 0  }
{ -0.0316594 1.82998 -1.12012 1  }

フレーム番号70 : 
{ 0.977463 -0.0543631 0.203986 0  }
{ 0.0555307 0.998457 0 0  }
{ -0.203671 0.0113275 0.978974 0  }
{ -0.0305336 1.83079 -1.12012 1  }

フレーム番号71 : 
{ 0.978526 -0.0522417 0.199392 0  }
{ 0.0533122 0.998578 0 0  }
{ -0.199109 0.01063 0.97992 0  }
{ -0.0293137 1.83166 -1.12012 1  }

フレーム番号72 : 
{ 0.979638 -0.049959 0.194458 0  }
{ 0.0509312 0.998702 0 0  }
{ -0.194205 0.00990397 0.980911 0  }
{ -0.0280046 1.8326 -1.12012 1  }

フレーム番号73 : 
{ 0.980788 -0.0475222 0.189199 0  }
{ 0.0483962 0.998828 0 0  }
{ -0.188977 0.00915652 0.981939 0  }
{ -0.0266107 1.8336 -1.12012 1  }

フレーム番号74 : 
{ 0.981967 -0.0449383 0.183633 0  }
{ 0.0457157 0.998954 0 0  }
{ -0.183441 0.00839493 0.982995 0  }
{ -0.0251368 1.83466 -1.12012 1  }

フレーム番号75 : 
{ 0.983165 -0.0422149 0.177778 0  }
{ 0.0428982 0.999079 0 0  }
{ -0.177614 0.00762634 0.984071 0  }
{ -0.0235876 1.83579 -1.12012 1  }

フレーム番号76 : 
{ 0.984372 -0.0393592 0.171649 0  }
{ 0.0399522 0.999202 0 0  }
{ -0.171512 0.00685775 0.985158 0  }
{ -0.0219677 1.83697 -1.12012 1  }

フレーム番号77 : 
{ 0.985578 -0.0363789 0.165264 0  }
{ 0.0368862 0.999319 0 0  }
{ -0.165152 0.00609597 0.986249 0  }
{ -0.0202819 1.8382 -1.12012 1  }

フレーム番号78 : 
{ 0.986775 -0.0332818 0.158641 0  }
{ 0.0337087 0.999432 0 0  }
{ -0.158551 0.00534759 0.987336 0  }
{ -0.0185347 1.83948 -1.12012 1  }

フレーム番号79 : 
{ 0.987954 -0.0300757 0.151797 0  }
{ 0.0304284 0.999537 0 0  }
{ -0.151726 0.00461892 0.988412 0  }
{ -0.016731 1.84081 -1.12012 1  }

フレーム番号80 : 
{ 0.989106 -0.0267687 0.144748 0  }
{ 0.0270537 0.999634 0 0  }
{ -0.144695 0.00391597 0.989469 0  }
{ -0.0148755 1.84218 -1.12012 1  }

フレーム番号81 : 
{ 0.990224 -0.023369 0.137514 0  }
{ 0.0235932 0.999722 0 0  }
{ -0.137476 0.00324439 0.9905 0  }
{ -0.0129727 1.84359 -1.12012 1  }

フレーム番号82 : 
{ 0.9913 -0.019885 0.130111 0  }
{ 0.0200554 0.999799 0 0  }
{ -0.130085 0.00260944 0.991499 0  }
{ -0.0110275 1.84505 -1.12012 1  }

フレーム番号83 : 
{ 0.992327 -0.0163251 0.122558 0  }
{ 0.0164491 0.999865 0 0  }
{ -0.122541 0.00201596 0.992461 0  }
{ -0.00904453 1.84654 -1.12012 1  }

フレーム番号84 : 
{ 0.993299 -0.012698 0.114872 0  }
{ 0.0127826 0.999918 0 0  }
{ -0.114863 0.00146837 0.99338 0  }
{ -0.00702854 1.84806 -1.12012 1  }

フレーム番号85 : 
{ 0.99421 -0.00901263 0.107071 0  }
{ 0.00906474 0.999959 0 0  }
{ -0.107067 0.000970575 0.994251 0  }
{ -0.00498425 1.8496 -1.12012 1  }

フレーム番号86 : 
{ 0.995056 -0.00527781 0.0991745 0  }
{ 0.00530396 0.999986 0 0  }
{ -0.0991731 0.000526018 0.99507 0  }
{ -0.00291638 1.85118 -1.12012 1  }

フレーム番号87 : 
{ 0.995832 -0.00150262 0.0911994 0  }
{ 0.0015089 0.999999 0 0  }
{ -0.0911993 0.000137611 0.995833 0  }
{ -0.000829671 1.85277 -1.12012 1  }

フレーム番号88 : 
{ 0.996533 0.00230382 0.0831645 0  }
{ -0.00231183 0.999997 0 0  }
{ -0.0831642 -0.000192262 0.996536 0  }
{ 0.00127116 1.85439 -1.12012 1  }

フレーム番号89 : 
{ 0.997158 0.00613227 0.0750881 0  }
{ -0.00614963 0.999981 0 0  }
{ -0.0750867 -0.000461764 0.997177 0  }
{ 0.00338138 1.85602 -1.12012 1  }

フレーム番号90 : 
{ 0.997704 0.00997344 0.0669889 0  }
{ -0.00999589 0.99995 0 0  }
{ -0.0669855 -0.000669613 0.997754 0  }
{ 0.00549624 1.85766 -1.12012 1  }

フレーム番号91 : 
{ 0.998169 0.013818 0.0588852 0  }
{ -0.013842 0.999904 0 0  }
{ -0.0588795 -0.000815089 0.998265 0  }
{ 0.00761103 1.85931 -1.12012 1  }

フレーム番号92 : 
{ 0.998553 0.0176565 0.0507956 0  }
{ -0.0176794 0.999844 0 0  }
{ -0.0507877 -0.000898034 0.998709 0  }
{ 0.009721 1.86097 -1.12012 1  }

フレーム番号93 : 
{ 0.998855 0.0214797 0.0427388 0  }
{ -0.0214994 0.999769 0 0  }
{ -0.042729 -0.000918858 0.999086 0  }
{ 0.0118214 1.86262 -1.12012 1  }

フレーム番号94 : 
{ 0.999077 0.0252781 0.0347334 0  }
{ -0.0252934 0.99968 0 0  }
{ -0.0347223 -0.000878525 0.999397 0  }
{ 0.0139076 1.86428 -1.12012 1  }

フレーム番号95 : 
{ 0.999219 0.0290425 0.0267979 0  }
{ -0.0290529 0.999578 0 0  }
{ -0.0267865 -0.000778555 0.999641 0  }
{ 0.0159747 1.86592 -1.12012 1  }

フレーム番号96 : 
{ 0.999283 0.0327634 0.0189509 0  }
{ -0.0327692 0.999463 0 0  }
{ -0.0189407 -0.000621006 0.99982 0  }
{ 0.0180182 1.86755 -1.12012 1  }

フレーム番号97 : 
{ 0.999273 0.0364316 0.0112111 0  }
{ -0.0364339 0.999336 0 0  }
{ -0.0112036 -0.000408462 0.999937 0  }
{ 0.0200332 1.86917 -1.12012 1  }

フレーム番号98 : 
{ 0.999192 0.0400379 0.0035969 0  }
{ -0.0400382 0.999198 0 0  }
{ -0.00359402 -0.000144013 0.999994 0  }
{ 0.022015 1.87077 -1.12012 1  }

フレーム番号99 : 
{ 0.999043 0.0435733 -0.00387306 0  }
{ -0.0435737 0.99905 0 0  }
{ 0.00386938 0.000168763 0.999992 0  }
{ 0.023959 1.87235 -1.12012 1  }

フレーム番号100 : 
{ 0.998831 0.0470288 -0.0111804 0  }
{ -0.0470317 0.998893 0 0  }
{ 0.011168 0.000525831 0.999937 0  }
{ 0.0258604 1.8739 -1.12012 1  }

フレーム番号101 : 
{ 0.998562 0.0503954 -0.0183066 0  }
{ -0.0504038 0.998729 0 0  }
{ 0.0182833 0.000922721 0.999832 0  }
{ 0.0277145 1.87542 -1.12012 1  }

フレーム番号102 : 
{ 0.99824 0.0536643 -0.0252334 0  }
{ -0.0536814 0.998558 0 0  }
{ 0.025197 0.00135456 0.999682 0  }
{ 0.0295167 1.8769 -1.12012 1  }

フレーム番号103 : 
{ 0.997873 0.0568269 -0.0319425 0  }
{ -0.056856 0.998382 0 0  }
{ 0.0318908 0.00181612 0.99949 0  }
{ 0.0312623 1.87834 -1.12012 1  }

フレーム番号104 : 
{ 0.997466 0.0598748 -0.0384156 0  }
{ -0.059919 0.998203 0 0  }
{ 0.0383466 0.00230183 0.999262 0  }
{ 0.0329465 1.87973 -1.12012 1  }

フレーム番号105 : 
{ 0.997028 0.0627993 -0.0446347 0  }
{ -0.062862 0.998022 0 0  }
{ 0.0445465 0.00280583 0.999003 0  }
{ 0.0345647 1.88108 -1.12012 1  }

フレーム番号106 : 
{ 0.996564 0.0655924 -0.0505817 0  }
{ -0.0656765 0.997841 0 0  }
{ 0.0504725 0.00332203 0.99872 0  }
{ 0.0361122 1.88237 -1.12012 1  }

フレーム番号107 : 
{ 0.996082 0.0682458 -0.0562385 0  }
{ -0.0683539 0.997661 0 0  }
{ 0.056107 0.00384412 0.998417 0  }
{ 0.0375844 1.8836 -1.12012 1  }

フレーム番号108 : 
{ 0.995591 0.0707513 -0.0615873 0  }
{ -0.0708859 0.997484 0 0  }
{ 0.0614323 0.00436567 0.998102 0  }
{ 0.0389766 1.88477 -1.12012 1  }

フレーム番号109 : 
{ 0.995098 0.0731012 -0.06661 0  }
{ -0.0732639 0.997313 0 0  }
{ 0.066431 0.00488011 0.997779 0  }
{ 0.0402842 1.88587 -1.12012 1  }

フレーム番号110 : 
{ 0.99461 0.0752875 -0.071289 0  }
{ -0.0754795 0.997147 0 0  }
{ 0.0710857 0.00538086 0.997456 0  }
{ 0.0415024 1.8869 -1.12012 1  }

フレーム番号111 : 
{ 0.994137 0.0773024 -0.0756065 0  }
{ -0.0775243 0.99699 0 0  }
{ 0.075379 0.00586134 0.997138 0  }
{ 0.0426267 1.88785 -1.12012 1  }

フレーム番号112 : 
{ 0.993685 0.0791381 -0.0795447 0  }
{ -0.0793897 0.996844 0 0  }
{ 0.0792936 0.00631503 0.996831 0  }
{ 0.0436524 1.88873 -1.12012 1  }

フレーム番号113 : 
{ 0.993262 0.080787 -0.0830859 0  }
{ -0.0810673 0.996709 0 0  }
{ 0.0828124 0.00673555 0.996542 0  }
{ 0.0445749 1.88951 -1.12012 1  }

フレーム番号114 : 
{ 0.992877 0.0822414 -0.0862124 0  }
{ -0.0825487 0.996587 0 0  }
{ 0.0859182 0.00711673 0.996277 0  }
{ 0.0453894 1.89021 -1.12012 1  }

フレーム番号115 : 
{ 0.992534 0.0834935 -0.0889067 0  }
{ -0.0838254 0.99648 0 0  }
{ 0.0885937 0.00745264 0.99604 0  }
{ 0.0460915 1.89081 -1.12012 1  }

フレーム番号116 : 
{ 0.992243 0.0845357 -0.0911508 0  }
{ -0.0848891 0.99639 0 0  }
{ 0.0908218 0.00773771 0.995837 0  }
{ 0.0466763 1.89131 -1.12012 1  }

フレーム番号117 : 
{ 0.992007 0.0853601 -0.0929273 0  }
{ -0.0857311 0.996318 1.92593e-34 0  }
{ 0.0925851 0.00796675 0.995673 0  }
{ 0.0471393 1.8917 -1.12012 1  }

フレーム番号118 : 
{ 0.991834 0.0859589 -0.0942182 0  }
{ -0.086343 0.996265 0 0  }
{ 0.0938664 0.00813508 0.995552 0  }
{ 0.0474757 1.89199 -1.12012 1  }

フレーム番号119 : 
{ 0.991727 0.0863242 -0.0950059 0  }
{ -0.0867164 0.996233 0 0  }
{ 0.094648 0.00823857 0.995477 0  }
{ 0.0476811 1.89217 -1.12012 1  }

フレーム番号120 : 
{ 0.99169 0.0864477 -0.0952724 0  }
{ -0.0868428 0.996222 0 0  }
{ 0.0949125 0.00827372 0.995451 0  }
{ 0.0477505 1.89223 -1.12012 1  }

