
[MeshData]

ボーン番号 : 16

ボーン名 : {  }

オフセット行列 : 
{ -0.730356 8.94428e-17 0.683067 0  }
{ 3.88131e-17 1 -8.94428e-17 0  }
{ -0.683067 -3.88131e-17 -0.730356 0  }
{ -1.73315 2.06812 1.68271 1  }

アニメーション行列 : 
フレーム番号0 : 
{ -0.730356 1.83589e-32 0.683067 0  }
{ -4.31408e-32 1 -1.54074e-32 0  }
{ -0.683067 4.31408e-32 -0.730356 0  }
{ -1.73315 2.06812 1.68271 1  }

フレーム番号1 : 
{ -0.730591 -0.0239255 0.682397 0  }
{ -0.0138437 0.9997 0.0202289 0  }
{ -0.682675 0.00533215 -0.730702 0  }
{ -1.72864 2.03549 1.67586 1  }

フレーム番号2 : 
{ -0.73138 -0.0427125 0.680631 0  }
{ -0.0194409 0.998937 0.0417972 0  }
{ -0.681693 0.0173376 -0.731433 0  }
{ -1.72612 2.00211 1.66738 1  }

フレーム番号3 : 
{ -0.732764 -0.0568224 0.678106 0  }
{ -0.0176607 0.99776 0.0645237 0  }
{ -0.680254 0.0353048 -0.732126 0  }
{ -1.72512 1.96814 1.65727 1  }

フレーム番号4 : 
{ -0.734686 -0.0667145 0.675119 0  }
{ -0.00938828 0.996057 0.0882126 0  }
{ -0.678343 0.0584703 -0.732416 0  }
{ -1.72514 1.93383 1.64552 1  }

フレーム番号5 : 
{ -0.737026 -0.0728467 0.671927 0  }
{ 0.00447878 0.993626 0.112636 0  }
{ -0.675849 0.0860253 -0.732002 0  }
{ -1.72564 1.89948 1.63214 1  }

フレーム番号6 : 
{ -0.739627 -0.0756776 0.668748 0  }
{ 0.0230301 0.99023 0.137529 0  }
{ -0.672622 0.117121 -0.730659 0  }
{ -1.72608 1.86543 1.61716 1  }

フレーム番号7 : 
{ -0.74232 -0.0756696 0.665759 0  }
{ 0.0453438 0.985652 0.162586 0  }
{ -0.66851 0.150879 -0.728238 0  }
{ -1.726 1.83201 1.60066 1  }

フレーム番号8 : 
{ -0.744938 -0.0732915 0.663095 0  }
{ 0.0704907 0.979736 0.187481 0  }
{ -0.663399 0.186404 -0.724676 0  }
{ -1.72498 1.79958 1.58275 1  }

フレーム番号9 : 
{ -0.747343 -0.0690208 0.660844 0  }
{ 0.0975428 0.972417 0.211873 0  }
{ -0.657239 0.222803 -0.719997 0  }
{ -1.72267 1.76844 1.56359 1  }

フレーム番号10 : 
{ -0.749427 -0.0633448 0.659049 0  }
{ 0.125585 0.963742 0.235437 0  }
{ -0.650067 0.25921 -0.714299 0  }
{ -1.71885 1.73887 1.5434 1  }

フレーム番号11 : 
{ -0.751128 -0.05676 0.657712 0  }
{ 0.153728 0.953869 0.257881 0  }
{ -0.642008 0.29481 -0.707752 0  }
{ -1.71341 1.71107 1.52242 1  }

フレーム番号12 : 
{ -0.752427 -0.0497712 0.656793 0  }
{ 0.181125 0.943066 0.278962 0  }
{ -0.633284 0.32886 -0.700573 0  }
{ -1.70632 1.68516 1.50092 1  }

フレーム番号13 : 
{ -0.753348 -0.0428896 0.656222 0  }
{ 0.206981 0.931693 0.298509 0  }
{ -0.6242 0.360707 -0.693011 0  }
{ -1.6977 1.66116 1.47923 1  }

フレーム番号14 : 
{ -0.753956 -0.0366309 0.655903 0  }
{ 0.230563 0.920173 0.31642 0  }
{ -0.615135 0.389794 -0.685324 0  }
{ -1.68775 1.63901 1.45765 1  }

フレーム番号15 : 
{ -0.754341 -0.0315135 0.655726 0  }
{ 0.251204 0.908972 0.332667 0  }
{ -0.60652 0.415665 -0.677758 0  }
{ -1.67674 1.61856 1.43652 1  }

フレーム番号16 : 
{ -0.754612 -0.0280559 0.655572 0  }
{ 0.268297 0.89856 0.347285 0  }
{ -0.598814 0.437953 -0.670536 0  }
{ -1.66502 1.59957 1.41619 1  }

フレーム番号17 : 
{ -0.754881 -0.026776 0.655316 0  }
{ 0.281287 0.88939 0.360364 0  }
{ -0.59248 0.456363 -0.663852 0  }
{ -1.65297 1.58171 1.39698 1  }

フレーム番号18 : 
{ -0.755251 -0.0281893 0.65483 0  }
{ 0.289649 0.881871 0.372031 0  }
{ -0.587962 0.470648 -0.657868 0  }
{ -1.64097 1.56462 1.37921 1  }

フレーム番号19 : 
{ -0.755803 -0.0328063 0.653977 0  }
{ 0.292872 0.876339 0.382434 0  }
{ -0.585652 0.480576 -0.652732 0  }
{ -1.62939 1.54789 1.3632 1  }

フレーム番号20 : 
{ -0.756585 -0.0411317 0.6526 0  }
{ 0.290423 0.873045 0.391724 0  }
{ -0.585861 0.485903 -0.648587 0  }
{ -1.61858 1.53113 1.34921 1  }

フレーム番号21 : 
{ -0.76264 -0.0233636 0.646401 0  }
{ 0.2917 0.879533 0.375944 0  }
{ -0.577314 0.475265 -0.663951 0  }
{ -1.63748 1.5536 1.36776 1  }

フレーム番号22 : 
{ -0.775069 -0.050966 0.629817 0  }
{ 0.24813 0.892126 0.377548 0  }
{ -0.581119 0.448902 -0.678813 0  }
{ -1.65174 1.56109 1.38198 1  }

フレーム番号23 : 
{ -0.789819 -0.110897 0.603231 0  }
{ 0.170755 0.904877 0.389923 0  }
{ -0.589091 0.410973 -0.695753 0  }
{ -1.6613 1.56117 1.3927 1  }

フレーム番号24 : 
{ -0.801977 -0.189645 0.566452 0  }
{ 0.0712873 0.911106 0.405962 0  }
{ -0.593086 0.365953 -0.717166 0  }
{ -1.66588 1.56174 1.4006 1  }

フレーム番号25 : 
{ -0.808471 -0.273489 0.521133 0  }
{ -0.0371094 0.907399 0.418629 0  }
{ -0.587365 0.319111 -0.743754 0  }
{ -1.66636 1.56971 1.40708 1  }

フレーム番号26 : 
{ -0.809551 -0.349386 0.471759 0  }
{ -0.140526 0.89558 0.422123 0  }
{ -0.569983 0.275436 -0.774116 0  }
{ -1.66534 1.58997 1.41435 1  }

フレーム番号27 : 
{ -0.808932 -0.405903 0.425291 0  }
{ -0.2257 0.882385 0.412863 0  }
{ -0.542853 0.23799 -0.805401 0  }
{ -1.66679 1.6249 1.42502 1  }

フレーム番号28 : 
{ -0.812611 -0.43327 0.389795 0  }
{ -0.280886 0.877175 0.389444 0  }
{ -0.510653 0.206979 -0.834502 0  }
{ -1.67543 1.67497 1.4416 1  }

フレーム番号29 : 
{ -0.826531 -0.422023 0.372482 0  }
{ -0.295355 0.888474 0.351255 0  }
{ -0.479179 0.180309 -0.858997 0  }
{ -1.69589 1.74023 1.46618 1  }

フレーム番号30 : 
{ -0.853089 -0.360466 0.377232 0  }
{ -0.257613 0.91971 0.296257 0  }
{ -0.453735 0.155554 -0.877455 0  }
{ -1.7319 1.82269 1.50012 1  }

フレーム番号31 : 
{ -0.881327 -0.266711 0.390037 0  }
{ -0.187194 0.955004 0.230057 0  }
{ -0.433845 0.129742 -0.891597 0  }
{ -1.77321 1.9183 1.53586 1  }

フレーム番号32 : 
{ -0.901887 -0.17058 0.396866 0  }
{ -0.113952 0.980136 0.162322 0  }
{ -0.416671 0.101173 -0.90341 0  }
{ -1.80739 2.01798 1.56498 1  }

フレーム番号33 : 
{ -0.914527 -0.0748583 0.397539 0  }
{ -0.0401816 0.994679 0.0948658 0  }
{ -0.402525 0.0707836 -0.912668 0  }
{ -1.83388 2.11919 1.58701 1  }

フレーム番号34 : 
{ -0.919614 0.0176649 0.392427 0  }
{ 0.0317959 0.999058 0.0295386 0  }
{ -0.391535 0.0396417 -0.919309 0  }
{ -1.85266 2.21917 1.60196 1  }

フレーム番号35 : 
{ -0.918077 0.104377 0.382414 0  }
{ 0.0997773 0.994498 -0.0319022 0  }
{ -0.38364 0.00886757 -0.92344 0  }
{ -1.86423 2.31521 1.61032 1  }

フレーム番号36 : 
{ -0.911313 0.182984 0.368817 0  }
{ 0.161785 0.982903 -0.0879005 0  }
{ -0.378596 -0.0204359 -0.925337 0  }
{ -1.86951 2.40471 1.61299 1  }

フレーム番号37 : 
{ -0.901058 0.251585 0.353269 0  }
{ 0.21613 0.966682 -0.137167 0  }
{ -0.376008 -0.0472437 -0.925411 0  }
{ -1.86979 2.48535 1.61119 1  }

フレーム番号38 : 
{ -0.889239 0.308678 0.337597 0  }
{ 0.261421 0.948539 -0.178697 0  }
{ -0.375384 -0.07065 -0.924173 0  }
{ -1.86656 2.55508 1.60639 1  }

フレーム番号39 : 
{ -0.877815 0.353091 0.323677 0  }
{ 0.296516 0.931261 -0.211734 0  }
{ -0.376189 -0.0898878 -0.922172 0  }
{ -1.86139 2.61211 1.6001 1  }

フレーム番号40 : 
{ -0.868622 0.383843 0.313306 0  }
{ 0.320426 0.917486 -0.235684 0  }
{ -0.37792 -0.104329 -0.919941 0  }
{ -1.85575 2.65488 1.59382 1  }

フレーム番号41 : 
{ -0.873061 0.370519 0.316987 0  }
{ 0.307791 0.922962 -0.231097 0  }
{ -0.378192 -0.104196 -0.919844 0  }
{ -1.85868 2.63869 1.5954 1  }

フレーム番号42 : 
{ -0.88342 0.336508 0.326086 0  }
{ 0.275032 0.935787 -0.22059 0  }
{ -0.379377 -0.10519 -0.919243 0  }
{ -1.8651 2.59808 1.59874 1  }

フレーム番号43 : 
{ -0.896297 0.285741 0.339122 0  }
{ 0.226014 0.9523 -0.205043 0  }
{ -0.381535 -0.107133 -0.918125 0  }
{ -1.87185 2.53764 1.60264 1  }

フレーム番号44 : 
{ -0.908193 0.222347 0.354608 0  }
{ 0.164753 0.96874 -0.185469 0  }
{ -0.384762 -0.110019 -0.916436 0  }
{ -1.8755 2.46216 1.60586 1  }

フレーム番号45 : 
{ -0.916145 0.150874 0.37137 0  }
{ 0.0956139 0.981971 -0.163066 0  }
{ -0.389277 -0.113884 -0.914053 0  }
{ -1.87317 2.37693 1.60749 1  }

フレーム番号46 : 
{ -0.918171 0.0762622 0.388776 0  }
{ 0.0233055 0.989996 -0.139157 0  }
{ -0.395499 -0.118709 -0.910763 0  }
{ -1.86312 2.28762 1.60721 1  }

フレーム番号47 : 
{ -0.9135 0.00364346 0.406822 0  }
{ -0.0472757 0.992235 -0.115042 0  }
{ -0.404082 -0.124323 -0.906235 0  }
{ -1.84517 2.20006 1.60546 1  }

フレーム番号48 : 
{ -0.902558 -0.0619456 0.426088 0  }
{ -0.111267 0.989539 -0.091829 0  }
{ -0.415943 -0.13029 -0.900009 0  }
{ -1.82075 2.1198 1.60333 1  }

フレーム番号49 : 
{ -0.886731 -0.115809 0.447545 0  }
{ -0.164003 0.98395 -0.0703295 0  }
{ -0.432217 -0.135762 -0.891492 0  }
{ -1.79276 2.05178 1.60239 1  }

フレーム番号50 : 
{ -0.867956 -0.153714 0.472255 0  }
{ -0.201033 0.978253 -0.0510654 0  }
{ -0.454135 -0.139261 -0.879982 0  }
{ -1.76517 2.00013 1.60433 1  }

フレーム番号51 : 
{ -0.848335 -0.171768 0.500823 0  }
{ -0.218217 0.975267 -0.0351454 0  }
{ -0.482399 -0.139103 -0.864836 0  }
{ -1.74252 1.96841 1.61074 1  }

フレーム番号52 : 
{ -0.82918 -0.171695 0.53196 0  }
{ -0.216791 0.975949 -0.0229222 0  }
{ -0.51523 -0.134331 -0.846459 0  }
{ -1.72668 1.95487 1.62101 1  }

フレーム番号53 : 
{ -0.810861 -0.157861 0.563547 0  }
{ -0.200351 0.979626 -0.0138624 0  }
{ -0.549877 -0.124148 -0.825968 0  }
{ -1.7174 1.95551 1.63334 1  }

フレーム番号54 : 
{ -0.793485 -0.134436 0.593556 0  }
{ -0.17255 0.984972 -0.0075824 0  }
{ -0.583617 -0.108435 -0.804757 0  }
{ -1.71376 1.96675 1.64598 1  }

フレーム番号55 : 
{ -0.777209 -0.105393 0.620353 0  }
{ -0.137268 0.990527 -0.00369368 0  }
{ -0.614088 -0.0880256 -0.784314 0  }
{ -1.71447 1.98522 1.65758 1  }

フレーム番号56 : 
{ -0.762377 -0.0744851 0.642833 0  }
{ -0.0986666 0.995119 -0.00171046 0  }
{ -0.639568 -0.0647302 -0.766005 0  }
{ -1.71808 2.00761 1.66723 1  }

フレーム番号57 : 
{ -0.749535 -0.0452286 0.660418 0  }
{ -0.0611391 0.998129 -0.00103249 0  }
{ -0.659136 -0.0411513 -0.750897 0  }
{ -1.7231 2.03057 1.67451 1  }

フレーム番号58 : 
{ -0.73939 -0.0209339 0.672952 0  }
{ -0.0291952 0.999573 -0.000983231 0  }
{ -0.672644 -0.020374 -0.739685 0  }
{ -1.72814 2.05066 1.6794 1  }

フレーム番号59 : 
{ -0.732734 -0.00478988 0.680499 0  }
{ -0.00734055 0.999973 -0.000865428 0  }
{ -0.680476 -0.00562936 -0.732749 0  }
{ -1.7319 2.06437 1.68209 1  }

フレーム番号60 : 
{ -0.730356 1.83589e-32 0.683067 0  }
{ -4.31408e-32 1 -1.54074e-32 0  }
{ -0.683067 4.31408e-32 -0.730356 0  }
{ -1.73315 2.06812 1.68271 1  }

フレーム番号61 : 
{ -0.730113 -0.0266452 0.682807 0  }
{ -0.018249 0.999643 0.0194957 0  }
{ -0.683083 0.00177351 -0.730339 0  }
{ -1.72722 2.03603 1.67637 1  }

フレーム番号62 : 
{ -0.729383 -0.0532714 0.682028 0  }
{ -0.0364851 0.998574 0.0389776 0  }
{ -0.683131 0.00354576 -0.730287 0  }
{ -1.7207 2.00419 1.66941 1  }

フレーム番号63 : 
{ -0.728168 -0.0798596 0.68073 0  }
{ -0.0546951 0.996792 0.0584316 0  }
{ -0.683212 0.00531548 -0.7302 0  }
{ -1.71361 1.97261 1.66183 1  }

フレーム番号64 : 
{ -0.726469 -0.106391 0.678914 0  }
{ -0.0728661 0.994299 0.077844 0  }
{ -0.683325 0.00708141 -0.73008 0  }
{ -1.70594 1.94132 1.65364 1  }

フレーム番号65 : 
{ -0.724285 -0.132846 0.676582 0  }
{ -0.0909851 0.991097 0.0972008 0  }
{ -0.683471 0.00884228 -0.729924 0  }
{ -1.6977 1.91034 1.64484 1  }

フレーム番号66 : 
{ -0.72162 -0.159207 0.673734 0  }
{ -0.109039 0.987188 0.116488 0  }
{ -0.683648 0.0105969 -0.729735 0  }
{ -1.6889 1.8797 1.63544 1  }

フレーム番号67 : 
{ -0.718475 -0.185454 0.670374 0  }
{ -0.127016 0.982575 0.135693 0  }
{ -0.683858 0.0123439 -0.729511 0  }
{ -1.67954 1.84941 1.62544 1  }

フレーム番号68 : 
{ -0.714851 -0.211569 0.666503 0  }
{ -0.144901 0.977262 0.1548 0  }
{ -0.684099 0.0140821 -0.729253 0  }
{ -1.66964 1.81949 1.61486 1  }

フレーム番号69 : 
{ -0.710753 -0.237532 0.662124 0  }
{ -0.162684 0.971251 0.173798 0  }
{ -0.684372 0.0158102 -0.728962 0  }
{ -1.65919 1.78998 1.6037 1  }

フレーム番号70 : 
{ -0.706182 -0.263327 0.657241 0  }
{ -0.18035 0.964547 0.192671 0  }
{ -0.684676 0.0175271 -0.728637 0  }
{ -1.64821 1.76088 1.59196 1  }

フレーム番号71 : 
{ -0.701142 -0.288934 0.651857 0  }
{ -0.197888 0.957156 0.211407 0  }
{ -0.685011 0.0192315 -0.728279 0  }
{ -1.6367 1.73222 1.57967 1  }

フレーム番号72 : 
{ -0.695636 -0.314334 0.645975 0  }
{ -0.215285 0.949082 0.229992 0  }
{ -0.685378 0.0209222 -0.727887 0  }
{ -1.62467 1.70403 1.56682 1  }

フレーム番号73 : 
{ -0.689669 -0.339511 0.639601 0  }
{ -0.232528 0.940331 0.248413 0  }
{ -0.685775 0.0225979 -0.727463 0  }
{ -1.61213 1.67631 1.55342 1  }

フレーム番号74 : 
{ -0.683245 -0.364445 0.632737 0  }
{ -0.249605 0.930909 0.266657 0  }
{ -0.686202 0.0242576 -0.727006 0  }
{ -1.59909 1.64909 1.53949 1  }

フレーム番号75 : 
{ -0.676368 -0.389119 0.62539 0  }
{ -0.266504 0.920823 0.28471 0  }
{ -0.68666 0.0258999 -0.726517 0  }
{ -1.58555 1.62239 1.52503 1  }

フレーム番号76 : 
{ -0.669043 -0.413516 0.617565 0  }
{ -0.283213 0.910081 0.302561 0  }
{ -0.687148 0.0275237 -0.725996 0  }
{ -1.57154 1.59623 1.51006 1  }

フレーム番号77 : 
{ -0.661275 -0.437618 0.609267 0  }
{ -0.29972 0.898689 0.320196 0  }
{ -0.687665 0.029128 -0.725444 0  }
{ -1.55705 1.57063 1.49458 1  }

フレーム番号78 : 
{ -0.653071 -0.461407 0.600502 0  }
{ -0.316014 0.886657 0.337602 0  }
{ -0.688211 0.0307114 -0.72486 0  }
{ -1.5421 1.5456 1.47861 1  }

フレーム番号79 : 
{ -0.644435 -0.484868 0.591276 0  }
{ -0.332081 0.873992 0.354768 0  }
{ -0.688786 0.032273 -0.724246 0  }
{ -1.5267 1.52116 1.46216 1  }

フレーム番号80 : 
{ -0.635374 -0.507983 0.581596 0  }
{ -0.347913 0.860703 0.37168 0  }
{ -0.689389 0.0338115 -0.723602 0  }
{ -1.51086 1.49734 1.44524 1  }

フレーム番号81 : 
{ -0.645095 -0.483125 0.591981 0  }
{ -0.330888 0.874961 0.353493 0  }
{ -0.688742 0.032157 -0.724293 0  }
{ -1.52787 1.52297 1.46341 1  }

フレーム番号82 : 
{ -0.654325 -0.45787 0.601842 0  }
{ -0.313591 0.888497 0.335014 0  }
{ -0.688127 0.030476 -0.72495 0  }
{ -1.54437 1.54931 1.48103 1  }

フレーム番号83 : 
{ -0.663056 -0.432237 0.611169 0  }
{ -0.296035 0.901301 0.316259 0  }
{ -0.687546 0.0287699 -0.72557 0  }
{ -1.56034 1.57632 1.4981 1  }

フレーム番号84 : 
{ -0.67128 -0.406248 0.619955 0  }
{ -0.278236 0.913363 0.297244 0  }
{ -0.686999 0.02704 -0.726155 0  }
{ -1.57578 1.604 1.51459 1  }

フレーム番号85 : 
{ -0.678992 -0.379925 0.628194 0  }
{ -0.260207 0.924672 0.277983 0  }
{ -0.686486 0.0252879 -0.726704 0  }
{ -1.59067 1.63231 1.5305 1  }

フレーム番号86 : 
{ -0.686184 -0.353289 0.635877 0  }
{ -0.241964 0.935219 0.258494 0  }
{ -0.686007 0.023515 -0.727215 0  }
{ -1.605 1.66124 1.54581 1  }

フレーム番号87 : 
{ -0.69285 -0.326361 0.642999 0  }
{ -0.223522 0.944996 0.238792 0  }
{ -0.685563 0.0217227 -0.727689 0  }
{ -1.61875 1.69076 1.5605 1  }

フレーム番号88 : 
{ -0.698986 -0.299165 0.649553 0  }
{ -0.204895 0.953994 0.218893 0  }
{ -0.685155 0.0199125 -0.728125 0  }
{ -1.63192 1.72084 1.57457 1  }

フレーム番号89 : 
{ -0.704585 -0.271722 0.655536 0  }
{ -0.1861 0.962206 0.198813 0  }
{ -0.684782 0.0180859 -0.728523 0  }
{ -1.6445 1.75146 1.588 1  }

フレーム番号90 : 
{ -0.709644 -0.244055 0.66094 0  }
{ -0.167151 0.969625 0.17857 0  }
{ -0.684445 0.0162444 -0.728883 0  }
{ -1.65647 1.7826 1.60079 1  }

フレーム番号91 : 
{ -0.714159 -0.216187 0.665763 0  }
{ -0.148065 0.976246 0.15818 0  }
{ -0.684145 0.0143895 -0.729204 0  }
{ -1.66782 1.81423 1.61292 1  }

フレーム番号92 : 
{ -0.718125 -0.188141 0.67 0  }
{ -0.128856 0.982062 0.137659 0  }
{ -0.683881 0.0125227 -0.729486 0  }
{ -1.67855 1.84632 1.62438 1  }

フレーム番号93 : 
{ -0.721539 -0.15994 0.673647 0  }
{ -0.109541 0.987069 0.117025 0  }
{ -0.683654 0.0106457 -0.729729 0  }
{ -1.68865 1.87885 1.63517 1  }

フレーム番号94 : 
{ -0.724399 -0.131607 0.676702 0  }
{ -0.0901367 0.991263 0.0962944 0  }
{ -0.683463 0.00875983 -0.729932 0  }
{ -1.6981 1.91179 1.64526 1  }

フレーム番号95 : 
{ -0.726701 -0.103166 0.679163 0  }
{ -0.0706576 0.99464 0.0754846 0  }
{ -0.68331 0.00686678 -0.730096 0  }
{ -1.7069 1.94511 1.65467 1  }

フレーム番号96 : 
{ -0.728445 -0.07464 0.681026 0  }
{ -0.0511203 0.997198 0.0546126 0  }
{ -0.683194 0.00496807 -0.73022 0  }
{ -1.71504 1.97879 1.66337 1  }

フレーム番号97 : 
{ -0.729629 -0.0460524 0.68229 0  }
{ -0.0315408 0.998934 0.0336956 0  }
{ -0.683115 0.00306526 -0.730304 0  }
{ -1.72253 2.0128 1.67136 1  }

フレーム番号98 : 
{ -0.730252 -0.0174267 0.682956 0  }
{ -0.0119354 0.999847 0.0127508 0  }
{ -0.683074 0.00115993 -0.730349 0  }
{ -1.72934 2.04711 1.67864 1  }

フレーム番号99 : 
{ -0.730313 0.0112132 0.683021 0  }
{ 0.00767983 0.999937 -0.00820448 0  }
{ -0.68307 -0.000746355 -0.730353 0  }
{ -1.73547 2.08169 1.68519 1  }

フレーム番号100 : 
{ -0.729812 0.0398439 0.682486 0  }
{ 0.0272887 0.999202 -0.029153 0  }
{ -0.683103 -0.00265203 -0.730317 0  }
{ -1.74093 2.11651 1.69102 1  }

フレーム番号101 : 
{ -0.729865 0.0378527 0.682542 0  }
{ 0.025925 0.99928 -0.0276961 0  }
{ -0.683099 -0.00251949 -0.730321 0  }
{ -1.74057 2.11408 1.69064 1  }

フレーム番号102 : 
{ -0.729915 0.0358613 0.682596 0  }
{ 0.0245611 0.999354 -0.026239 0  }
{ -0.683096 -0.00238694 -0.730325 0  }
{ -1.74021 2.11165 1.69025 1  }

フレーム番号103 : 
{ -0.729963 0.0338698 0.682647 0  }
{ 0.0231971 0.999424 -0.0247819 0  }
{ -0.683093 -0.00225439 -0.730328 0  }
{ -1.73985 2.10923 1.68986 1  }

フレーム番号104 : 
{ -0.730008 0.0318782 0.682695 0  }
{ 0.0218331 0.999489 -0.0233246 0  }
{ -0.68309 -0.00212182 -0.730331 0  }
{ -1.73948 2.1068 1.68947 1  }

フレーム番号105 : 
{ -0.73005 0.0298864 0.68274 0  }
{ 0.0204689 0.999551 -0.0218673 0  }
{ -0.683087 -0.00198925 -0.730334 0  }
{ -1.73911 2.10437 1.68908 1  }

フレーム番号106 : 
{ -0.730089 0.0278945 0.682782 0  }
{ 0.0191047 0.999609 -0.0204099 0  }
{ -0.683084 -0.00185667 -0.730337 0  }
{ -1.73873 2.10195 1.68868 1  }

フレーム番号107 : 
{ -0.730126 0.0259025 0.682821 0  }
{ 0.0177404 0.999663 -0.0189524 0  }
{ -0.683082 -0.00172408 -0.73034 0  }
{ -1.73836 2.09952 1.68827 1  }

フレーム番号108 : 
{ -0.73016 0.0239104 0.682858 0  }
{ 0.016376 0.999713 -0.0174948 0  }
{ -0.68308 -0.00159149 -0.730342 0  }
{ -1.73798 2.0971 1.68787 1  }

フレーム番号109 : 
{ -0.730191 0.0219182 0.682891 0  }
{ 0.0150116 0.999759 -0.0160371 0  }
{ -0.683078 -0.00145888 -0.730344 0  }
{ -1.73759 2.09468 1.68746 1  }

フレーム番号110 : 
{ -0.73022 0.0199259 0.682921 0  }
{ 0.0136471 0.999801 -0.0145794 0  }
{ -0.683076 -0.00132628 -0.730346 0  }
{ -1.7372 2.09226 1.68704 1  }

フレーム番号111 : 
{ -0.730246 0.0179336 0.682949 0  }
{ 0.0122825 0.999838 -0.0131216 0  }
{ -0.683074 -0.00119366 -0.730348 0  }
{ -1.73681 2.08984 1.68663 1  }

フレーム番号112 : 
{ -0.730269 0.0159411 0.682974 0  }
{ 0.0109179 0.999872 -0.0116638 0  }
{ -0.683073 -0.00106105 -0.73035 0  }
{ -1.73642 2.08742 1.6862 1  }

フレーム番号113 : 
{ -0.730289 0.0139486 0.682996 0  }
{ 0.00955329 0.999902 -0.0102059 0  }
{ -0.683071 -0.000928426 -0.730351 0  }
{ -1.73602 2.08501 1.68578 1  }

フレーム番号114 : 
{ -0.730307 0.0119561 0.683014 0  }
{ 0.0081886 0.999928 -0.00874801 0  }
{ -0.68307 -0.0007958 -0.730352 0  }
{ -1.73562 2.08259 1.68535 1  }

フレーム番号115 : 
{ -0.730322 0.00996347 0.68303 0  }
{ 0.00682389 0.99995 -0.00729006 0  }
{ -0.683069 -0.000663172 -0.730354 0  }
{ -1.73522 2.08017 1.68492 1  }

フレーム番号116 : 
{ -0.730334 0.00797082 0.683043 0  }
{ 0.00545914 0.999968 -0.00583209 0  }
{ -0.683068 -0.00053054 -0.730354 0  }
{ -1.73481 2.07776 1.68449 1  }

フレーム番号117 : 
{ -0.730344 0.00597814 0.683054 0  }
{ 0.00409438 0.999982 -0.00437408 0  }
{ -0.683068 -0.000397907 -0.730355 0  }
{ -1.7344 2.07535 1.68405 1  }

フレーム番号118 : 
{ -0.730351 0.00398544 0.683061 0  }
{ 0.00272959 0.999992 -0.00291607 0  }
{ -0.683067 -0.000265272 -0.730356 0  }
{ -1.73399 2.07294 1.68361 1  }

フレーム番号119 : 
{ -0.730355 0.00199272 0.683065 0  }
{ 0.0013648 0.999998 -0.00145804 0  }
{ -0.683067 -0.000132636 -0.730356 0  }
{ -1.73357 2.07053 1.68316 1  }

フレーム番号120 : 
{ -0.730356 1.83589e-32 0.683067 0  }
{ -4.31408e-32 1 -1.54074e-32 0  }
{ -0.683067 4.31408e-32 -0.730356 0  }
{ -1.73315 2.06812 1.68271 1  }

