
[MeshData]

ボーン番号 : 20

ボーン名 : {  }

オフセット行列 : 
{ -0.703146 8.61105e-17 0.711046 0  }
{ 2.09543e-16 1 8.61105e-17 0  }
{ -0.711046 2.09543e-16 -0.703146 0  }
{ -1.44544 2.61149 1.63918 1  }

アニメーション行列 : 
フレーム番号0 : 
{ -0.703146 6.55165e-16 0.711046 0  }
{ 5.50031e-16 1 -3.7749e-16 0  }
{ -0.711046 1.25667e-16 -0.703146 0  }
{ -1.44544 2.61149 1.63918 1  }

フレーム番号1 : 
{ -0.702222 -0.0492211 0.710255 0  }
{ -0.0378881 0.998777 0.0317563 0  }
{ -0.71095 -0.0046103 -0.703228 0  }
{ -1.45079 2.56649 1.64384 1  }

フレーム番号2 : 
{ -0.699655 -0.0957064 0.708042 0  }
{ -0.0743248 0.995361 0.0610991 0  }
{ -0.710604 -0.00987673 -0.703523 0  }
{ -1.45492 2.51949 1.64766 1  }

フレーム番号3 : 
{ -0.695744 -0.139478 0.704618 0  }
{ -0.109265 0.990101 0.0880999 0  }
{ -0.70993 -0.0156952 -0.704097 0  }
{ -1.45759 2.47067 1.65038 1  }

フレーム番号4 : 
{ -0.690769 -0.180588 0.700162 0  }
{ -0.142684 0.983314 0.112849 0  }
{ -0.708858 -0.0219493 -0.70501 0  }
{ -1.45854 2.42029 1.65177 1  }

フレーム番号5 : 
{ -0.684988 -0.21911 0.694825 0  }
{ -0.17457 0.975284 0.135452 0  }
{ -0.70733 -0.0285123 -0.706308 0  }
{ -1.45754 2.36864 1.65161 1  }

フレーム番号6 : 
{ -0.678639 -0.255139 0.688734 0  }
{ -0.204922 0.966262 0.15603 0  }
{ -0.705306 -0.035249 -0.708026 0  }
{ -1.45443 2.31604 1.64972 1  }

フレーム番号7 : 
{ -0.671927 -0.288783 0.681996 0  }
{ -0.233745 0.956472 0.174712 0  }
{ -0.702764 -0.0420197 -0.710181 0  }
{ -1.44905 2.26287 1.64596 1  }

フレーム番号8 : 
{ -0.665035 -0.32016 0.674705 0  }
{ -0.26105 0.946112 0.191639 0  }
{ -0.699701 -0.0486847 -0.712775 0  }
{ -1.44131 2.20951 1.64021 1  }

フレーム番号9 : 
{ -0.658111 -0.349394 0.666943 0  }
{ -0.286848 0.935354 0.206959 0  }
{ -0.696138 -0.0551089 -0.71579 0  }
{ -1.4312 2.15639 1.63244 1  }

フレーム番号10 : 
{ -0.651277 -0.376615 0.658786 0  }
{ -0.311155 0.924348 0.220824 0  }
{ -0.692113 -0.0611669 -0.719193 0  }
{ -1.41873 2.10394 1.62263 1  }

フレーム番号11 : 
{ -0.644623 -0.401951 0.650305 0  }
{ -0.33399 0.913225 0.233389 0  }
{ -0.687686 -0.0667479 -0.722934 0  }
{ -1.404 2.05256 1.61085 1  }

フレーム番号12 : 
{ -0.638209 -0.425529 0.641572 0  }
{ -0.355377 0.902095 0.244809 0  }
{ -0.682932 -0.0717603 -0.726949 0  }
{ -1.38717 2.00267 1.5972 1  }

フレーム番号13 : 
{ -0.63207 -0.447473 0.632657 0  }
{ -0.375343 0.891051 0.255238 0  }
{ -0.677942 -0.0761351 -0.731162 0  }
{ -1.36844 1.95461 1.58187 1  }

フレーム番号14 : 
{ -0.626216 -0.467902 0.623636 0  }
{ -0.393921 0.880168 0.264822 0  }
{ -0.672815 -0.079828 -0.735491 0  }
{ -1.34809 1.90871 1.56504 1  }

フレーム番号15 : 
{ -0.620631 -0.48693 0.614586 0  }
{ -0.411153 0.869506 0.273702 0  }
{ -0.66766 -0.0828213 -0.739845 0  }
{ -1.3264 1.86522 1.54699 1  }

フレーム番号16 : 
{ -0.615285 -0.504666 0.605588 0  }
{ -0.427088 0.859108 0.28201 0  }
{ -0.662586 -0.0851234 -0.744133 0  }
{ -1.30374 1.82434 1.52799 1  }

フレーム番号17 : 
{ -0.610127 -0.521215 0.596725 0  }
{ -0.441782 0.849003 0.289865 0  }
{ -0.657703 -0.0867678 -0.748263 0  }
{ -1.28045 1.78619 1.50836 1  }

フレーム番号18 : 
{ -0.605096 -0.536674 0.588081 0  }
{ -0.455298 0.839208 0.297378 0  }
{ -0.653117 -0.0878101 -0.752148 0  }
{ -1.25693 1.75085 1.48842 1  }

フレーム番号19 : 
{ -0.60012 -0.551139 0.579742 0  }
{ -0.467705 0.829725 0.304644 0  }
{ -0.648929 -0.0883249 -0.755705 0  }
{ -1.23355 1.71831 1.46851 1  }

フレーム番号20 : 
{ -0.595119 -0.564702 0.571791 0  }
{ -0.479076 0.820547 0.311753 0  }
{ -0.645228 -0.0884011 -0.758858 0  }
{ -1.21068 1.68853 1.44897 1  }

フレーム番号21 : 
{ -0.626159 -0.506106 0.593111 0  }
{ -0.437038 0.857784 0.270564 0  }
{ -0.645695 -0.0897958 -0.758297 0  }
{ -1.23571 1.70462 1.47026 1  }

フレーム番号22 : 
{ -0.661545 -0.429378 0.614812 0  }
{ -0.383822 0.898198 0.214294 0  }
{ -0.644235 -0.0942127 -0.759002 0  }
{ -1.26599 1.72472 1.49594 1  }

フレーム番号23 : 
{ -0.697212 -0.334975 0.633788 0  }
{ -0.319396 0.936663 0.143694 0  }
{ -0.64178 -0.102244 -0.760042 0  }
{ -1.30052 1.74979 1.52516 1  }

フレーム番号24 : 
{ -0.728943 -0.224182 0.646826 0  }
{ -0.244363 0.967823 0.0600502 0  }
{ -0.639475 -0.114287 -0.76027 0  }
{ -1.33819 1.78072 1.55696 1  }

フレーム番号25 : 
{ -0.752671 -0.0993562 0.650857 0  }
{ -0.160173 0.986481 -0.0346382 0  }
{ -0.638616 -0.130321 -0.75841 0  }
{ -1.37774 1.81821 1.59029 1  }

フレーム番号26 : 
{ -0.764816 0.0359924 0.643243 0  }
{ -0.0692196 0.988068 -0.137589 0  }
{ -0.64052 -0.149755 -0.753198 0  }
{ -1.41784 1.86267 1.62403 1  }

フレーム番号27 : 
{ -0.762626 0.177315 0.622061 0  }
{ 0.0252344 0.969117 -0.245305 0  }
{ -0.646347 -0.171379 -0.743549 0  }
{ -1.45713 1.91414 1.65704 1  }

フレーム番号28 : 
{ -0.744469 0.31933 0.58634 0  }
{ 0.119287 0.927692 -0.353777 0  }
{ -0.656915 -0.193433 -0.728729 0  }
{ -1.49429 1.97226 1.68821 1  }

フレーム番号29 : 
{ -0.710007 0.456471 0.536213 0  }
{ 0.208765 0.863666 -0.4588 0  }
{ -0.672538 -0.213809 -0.708504 0  }
{ -1.52814 2.03629 1.71655 1  }

フレーム番号30 : 
{ -0.66025 0.583431 0.472946 0  }
{ 0.289671 0.778815 -0.556362 0  }
{ -0.692936 -0.230339 -0.683215 0  }
{ -1.55766 2.10509 1.7412 1  }

フレーム番号31 : 
{ -0.597439 0.695692 0.398847 0  }
{ 0.358652 0.67666 -0.64304 0  }
{ -0.717241 -0.24113 -0.653774 0  }
{ -1.58213 2.17722 1.76158 1  }

フレーム番号32 : 
{ -0.524799 0.78998 0.317044 0  }
{ 0.413389 0.562111 -0.716338 0  }
{ -0.744107 -0.24487 -0.621565 0  }
{ -1.60115 2.25102 1.77734 1  }

フレーム番号33 : 
{ -0.446183 0.864564 0.231194 0  }
{ 0.452865 0.440934 -0.774913 0  }
{ -0.771903 -0.241053 -0.588268 0  }
{ -1.61466 2.32474 1.78844 1  }

フレーム番号34 : 
{ -0.365688 0.919351 0.145143 0  }
{ 0.477448 0.319158 -0.818647 0  }
{ -0.798947 -0.230071 -0.555654 0  }
{ -1.62293 2.39661 1.79512 1  }

フレーム番号35 : 
{ -0.287283 0.955796 0.0626244 0  }
{ 0.488801 0.202517 -0.848564 0  }
{ -0.823737 -0.213167 -0.525374 0  }
{ -1.62652 2.46497 1.79786 1  }

フレーム番号36 : 
{ -0.21452 0.976633 -0.0129949 0  }
{ 0.489643 0.0960201 -0.86662 0  }
{ -0.845122 -0.19227 -0.4988 0  }
{ -1.62626 2.52832 1.79736 1  }

フレーム番号37 : 
{ -0.150363 0.985481 -0.0788527 0  }
{ 0.483399 0.00371195 -0.875392 0  }
{ -0.86239 -0.169744 -0.476939 0  }
{ -1.62315 2.58535 1.79449 1  }

フレーム番号38 : 
{ -0.0971479 0.986394 -0.132624 0  }
{ 0.473806 -0.0713502 -0.877734 0  }
{ -0.875255 -0.148108 -0.460427 0  }
{ -1.61827 2.63497 1.79016 1  }

フレーム番号39 : 
{ -0.0566653 0.983388 -0.172447 0  }
{ 0.464524 -0.126921 -0.876418 0  }
{ -0.883746 -0.129768 -0.449615 0  }
{ -1.61271 2.67625 1.78531 1  }

フレーム番号40 : 
{ -0.0303344 0.979981 -0.196769 0  }
{ 0.45877 -0.161248 -0.873801 0  }
{ -0.888037 -0.116778 -0.444694 0  }
{ -1.60747 2.70839 1.7808 1  }

フレーム番号41 : 
{ -0.0218411 0.979278 -0.201338 0  }
{ 0.459011 -0.169084 -0.872192 0  }
{ -0.888162 -0.111466 -0.445807 0  }
{ -1.60321 2.73129 1.7774 1  }

フレーム番号42 : 
{ -0.0328565 0.982346 -0.184168 0  }
{ 0.465632 -0.148003 -0.872515 0  }
{ -0.884368 -0.114422 -0.452549 0  }
{ -1.6001 2.74559 1.77543 1  }

フレーム番号43 : 
{ -0.0612816 0.987168 -0.14746 0  }
{ 0.476798 -0.100839 -0.87321 0  }
{ -0.876874 -0.123821 -0.4645 0  }
{ -1.59797 2.75219 1.77464 1  }

フレーム番号44 : 
{ -0.105013 0.990074 -0.093417 0  }
{ 0.489442 -0.030317 -0.871509 0  }
{ -0.86569 -0.137242 -0.4814 0  }
{ -1.5964 2.75195 1.77454 1  }

フレーム番号45 : 
{ -0.161672 0.986539 -0.0245362 0  }
{ 0.499848 0.0604256 -0.864003 0  }
{ -0.85089 -0.15195 -0.502889 0  }
{ -1.59483 2.74569 1.77451 1  }

フレーム番号46 : 
{ -0.228385 0.971951 0.0561382 0  }
{ 0.504205 0.167409 -0.847202 0  }
{ -0.832837 -0.165183 -0.528296 0  }
{ -1.59263 2.7343 1.7739 1  }

フレーム番号47 : 
{ -0.301693 0.942327 0.144916 0  }
{ 0.499154 0.285617 -0.818088 0  }
{ -0.812297 -0.174476 -0.556535 0  }
{ -1.58922 2.71873 1.77206 1  }

フレーム番号48 : 
{ -0.37764 0.894965 0.237542 0  }
{ 0.48228 0.409104 -0.774622 0  }
{ -0.790439 -0.177967 -0.586118 0  }
{ -1.58411 2.70007 1.76848 1  }

フレーム番号49 : 
{ -0.452046 0.828918 0.329469 0  }
{ 0.452491 0.531407 -0.716142 0  }
{ -0.768705 -0.174647 -0.615298 0  }
{ -1.57694 2.67947 1.76275 1  }

フレーム番号50 : 
{ -0.520893 0.745251 0.416259 0  }
{ 0.410206 0.64618 -0.64357 0  }
{ -0.7486 -0.164479 -0.642297 0  }
{ -1.56757 2.65813 1.75472 1  }

フレーム番号51 : 
{ -0.580782 0.646992 0.494058 0  }
{ 0.357327 0.747927 -0.559395 0  }
{ -0.731444 -0.148347 -0.66557 0  }
{ -1.55606 2.63726 1.74441 1  }

フレーム番号52 : 
{ -0.62933 0.538819 0.560016 0  }
{ 0.296977 0.832664 -0.467413 0  }
{ -0.718156 -0.127845 -0.684037 0  }
{ -1.54269 2.618 1.7321 1  }

フレーム番号53 : 
{ -0.665444 0.426522 0.612587 0  }
{ 0.233087 0.898367 -0.372301 0  }
{ -0.709122 -0.104959 -0.69723 0  }
{ -1.52793 2.60134 1.71824 1  }

フレーム番号54 : 
{ -0.689406 0.316369 0.651637 0  }
{ 0.169901 0.945111 -0.279102 0  }
{ -0.704169 -0.0817012 -0.705316 0  }
{ -1.51242 2.58813 1.70349 1  }

フレーム番号55 : 
{ -0.702745 0.214509 0.678333 0  }
{ 0.111522 0.974889 -0.192754 0  }
{ -0.702647 -0.059808 -0.709021 0  }
{ -1.49689 2.57903 1.68858 1  }

フレーム番号56 : 
{ -0.707938 0.12653 0.694848 0  }
{ 0.0615931 0.991134 -0.11773 0  }
{ -0.703584 -0.0405474 -0.709455 0  }
{ -1.48214 2.57456 1.67434 1  }

フレーム番号57 : 
{ -0.707965 0.0572449 0.703923 0  }
{ 0.0231545 0.998055 -0.057877 0  }
{ -0.705868 -0.024676 -0.707914 0  }
{ -1.46896 2.57513 1.66158 1  }

フレーム番号58 : 
{ -0.70579 0.0107265 0.70834 0  }
{ -0.00131018 0.999864 -0.0164465 0  }
{ -0.70842 -0.0125359 -0.70568 0  }
{ -1.45808 2.58112 1.65107 1  }

フレーム番号59 : 
{ -0.703789 -0.00946766 0.710346 0  }
{ -0.00968708 0.999946 0.00372986 0  }
{ -0.710343 -0.00425614 -0.703843 0  }
{ -1.45011 2.59302 1.64345 1  }

フレーム番号60 : 
{ -0.703146 -1.2326e-32 0.711046 0  }
{ -4.93038e-32 1 2.46519e-32 0  }
{ -0.711046 -4.93038e-32 -0.703146 0  }
{ -1.44544 2.61149 1.63918 1  }

フレーム番号61 : 
{ -0.70217 -0.0505661 0.710212 0  }
{ -0.0385765 0.998712 0.0329673 0  }
{ -0.710964 -0.00424882 -0.703216 0  }
{ -1.45045 2.56738 1.64345 1  }

フレーム番号62 : 
{ -0.699244 -0.101002 0.707712 0  }
{ -0.0770535 0.99485 0.0658497 0  }
{ -0.710718 -0.00848669 -0.703426 0  }
{ -1.45375 2.523 1.64627 1  }

フレーム番号63 : 
{ -0.694377 -0.151178 0.703552 0  }
{ -0.115332 0.988425 0.0985624 0  }
{ -0.710309 -0.0127027 -0.703775 0  }
{ -1.45533 2.47846 1.64762 1  }

フレーム番号64 : 
{ -0.68758 -0.200964 0.697744 0  }
{ -0.153313 0.979453 0.131021 0  }
{ -0.709738 -0.016886 -0.704263 0  }
{ -1.45519 2.43387 1.6475 1  }

フレーム番号65 : 
{ -0.678872 -0.250232 0.690302 0  }
{ -0.1909 0.967958 0.163142 0  }
{ -0.709006 -0.0210257 -0.704889 0  }
{ -1.45333 2.38934 1.64591 1  }

フレーム番号66 : 
{ -0.668274 -0.298855 0.681245 0  }
{ -0.227994 0.953968 0.194843 0  }
{ -0.708116 -0.0251113 -0.705649 0  }
{ -1.44975 2.345 1.64286 1  }

フレーム番号67 : 
{ -0.655814 -0.346709 0.670597 0  }
{ -0.264501 0.93752 0.226042 0  }
{ -0.707069 -0.0291322 -0.706544 0  }
{ -1.44447 2.30095 1.63834 1  }

フレーム番号68 : 
{ -0.641525 -0.393669 0.658385 0  }
{ -0.300327 0.918657 0.256658 0  }
{ -0.705868 -0.033078 -0.70757 0  }
{ -1.43749 2.25731 1.63238 1  }

フレーム番号69 : 
{ -0.625442 -0.439615 0.644641 0  }
{ -0.335378 0.897426 0.286613 0  }
{ -0.704517 -0.0369386 -0.708725 0  }
{ -1.42885 2.2142 1.62499 1  }

フレーム番号70 : 
{ -0.607607 -0.484428 0.629399 0  }
{ -0.369566 0.873884 0.31583 0  }
{ -0.703018 -0.040704 -0.710006 0  }
{ -1.41855 2.17171 1.61619 1  }

フレーム番号71 : 
{ -0.588067 -0.527993 0.6127 0  }
{ -0.402801 0.848089 0.344232 0  }
{ -0.701376 -0.0443645 -0.711409 0  }
{ -1.40662 2.12997 1.606 1  }

フレーム番号72 : 
{ -0.566871 -0.570197 0.594586 0  }
{ -0.434998 0.82011 0.371748 0  }
{ -0.699596 -0.0479108 -0.712931 0  }
{ -1.3931 2.08908 1.59444 1  }

フレーム番号73 : 
{ -0.544074 -0.610932 0.575104 0  }
{ -0.466075 0.790017 0.398306 0  }
{ -0.69768 -0.0513335 -0.714568 0  }
{ -1.37802 2.04914 1.58155 1  }

フレーム番号74 : 
{ -0.519736 -0.650093 0.554305 0  }
{ -0.49595 0.757888 0.423838 0  }
{ -0.695635 -0.054624 -0.716316 0  }
{ -1.36142 2.01026 1.56737 1  }

フレーム番号75 : 
{ -0.493918 -0.687579 0.532241 0  }
{ -0.524548 0.723807 0.448277 0  }
{ -0.693466 -0.0577738 -0.71817 0  }
{ -1.34334 1.97254 1.55192 1  }

フレーム番号76 : 
{ -0.466687 -0.723294 0.508969 0  }
{ -0.551794 0.687861 0.471562 0  }
{ -0.691178 -0.0607747 -0.720125 0  }
{ -1.32382 1.93608 1.53524 1  }

フレーム番号77 : 
{ -0.438113 -0.757144 0.484551 0  }
{ -0.577619 0.650142 0.493631 0  }
{ -0.688777 -0.063619 -0.722177 0  }
{ -1.30293 1.90096 1.51738 1  }

フレーム番号78 : 
{ -0.408271 -0.789044 0.459047 0  }
{ -0.601955 0.610749 0.514428 0  }
{ -0.686269 -0.0662994 -0.72432 0  }
{ -1.28071 1.86729 1.49839 1  }

フレーム番号79 : 
{ -0.377236 -0.818911 0.432525 0  }
{ -0.62474 0.569781 0.5339 0  }
{ -0.683662 -0.0688089 -0.726548 0  }
{ -1.25722 1.83514 1.47832 1  }

フレーム番号80 : 
{ -0.34509 -0.846667 0.405053 0  }
{ -0.645915 0.527346 0.551997 0  }
{ -0.68096 -0.0711412 -0.728857 0  }
{ -1.23251 1.8046 1.45721 1  }

フレーム番号81 : 
{ -0.361229 -0.833116 0.418845 0  }
{ -0.635577 0.54865 0.543162 0  }
{ -0.682316 -0.0700025 -0.727698 0  }
{ -1.24496 1.8196 1.46784 1  }

フレーム番号82 : 
{ -0.377102 -0.819033 0.43241 0  }
{ -0.624833 0.569604 0.53398 0  }
{ -0.68365 -0.0688192 -0.726558 0  }
{ -1.25711 1.83501 1.47823 1  }

フレーム番号83 : 
{ -0.3927 -0.804427 0.44574 0  }
{ -0.61369 0.590194 0.524458 0  }
{ -0.684961 -0.0675919 -0.725438 0  }
{ -1.26897 1.85081 1.48836 1  }

フレーム番号84 : 
{ -0.408012 -0.789307 0.458826 0  }
{ -0.602155 0.610407 0.5146 0  }
{ -0.686247 -0.0663214 -0.724338 0  }
{ -1.28051 1.86701 1.49823 1  }

フレーム番号85 : 
{ -0.423029 -0.773682 0.471659 0  }
{ -0.590235 0.63023 0.504413 0  }
{ -0.687509 -0.0650086 -0.72326 0  }
{ -1.29175 1.88358 1.50783 1  }

フレーム番号86 : 
{ -0.437741 -0.757564 0.484232 0  }
{ -0.577939 0.64965 0.493904 0  }
{ -0.688745 -0.0636542 -0.722204 0  }
{ -1.30265 1.90052 1.51715 1  }

フレーム番号87 : 
{ -0.452138 -0.740961 0.496536 0  }
{ -0.565273 0.668656 0.48308 0  }
{ -0.689955 -0.0622592 -0.72117 0  }
{ -1.31324 1.91782 1.52619 1  }

フレーム番号88 : 
{ -0.466212 -0.723885 0.508563 0  }
{ -0.552245 0.687234 0.471947 0  }
{ -0.691138 -0.0608244 -0.720159 0  }
{ -1.32348 1.93547 1.53495 1  }

フレーム番号89 : 
{ -0.479953 -0.706347 0.520307 0  }
{ -0.538866 0.705373 0.460513 0  }
{ -0.692292 -0.0593507 -0.719172 0  }
{ -1.33338 1.95345 1.54341 1  }

フレーム番号90 : 
{ -0.493353 -0.688357 0.531758 0  }
{ -0.525142 0.723062 0.448784 0  }
{ -0.693418 -0.0578392 -0.71821 0  }
{ -1.34294 1.97175 1.55157 1  }

フレーム番号91 : 
{ -0.506403 -0.669928 0.542911 0  }
{ -0.511082 0.740289 0.436769 0  }
{ -0.694515 -0.0562907 -0.717273 0  }
{ -1.35214 1.99037 1.55943 1  }

フレーム番号92 : 
{ -0.519095 -0.651071 0.553757 0  }
{ -0.496696 0.757043 0.424475 0  }
{ -0.695581 -0.0547062 -0.716362 0  }
{ -1.36097 2.00929 1.56699 1  }

フレーム番号93 : 
{ -0.531421 -0.631798 0.56429 0  }
{ -0.481993 0.773313 0.41191 0  }
{ -0.696617 -0.0530868 -0.715477 0  }
{ -1.36945 2.02849 1.57423 1  }

フレーム番号94 : 
{ -0.543372 -0.612121 0.574504 0  }
{ -0.466982 0.78909 0.399081 0  }
{ -0.697621 -0.0514334 -0.714618 0  }
{ -1.37755 2.04797 1.58115 1  }

フレーム番号95 : 
{ -0.554941 -0.592053 0.584391 0  }
{ -0.451672 0.804362 0.385998 0  }
{ -0.698593 -0.0497472 -0.713788 0  }
{ -1.38527 2.06771 1.58775 1  }

フレーム番号96 : 
{ -0.566121 -0.571607 0.593946 0  }
{ -0.436074 0.81912 0.372668 0  }
{ -0.699533 -0.0480293 -0.712985 0  }
{ -1.39261 2.0877 1.59403 1  }

フレーム番号97 : 
{ -0.576905 -0.550796 0.603161 0  }
{ -0.420198 0.833355 0.3591 0  }
{ -0.700439 -0.0462806 -0.71221 0  }
{ -1.39957 2.10793 1.59997 1  }

フレーム番号98 : 
{ -0.587286 -0.529633 0.612033 0  }
{ -0.404053 0.847058 0.345302 0  }
{ -0.701311 -0.0445024 -0.711465 0  }
{ -1.40613 2.12839 1.60558 1  }

フレーム番号99 : 
{ -0.597256 -0.508132 0.620553 0  }
{ -0.38765 0.86022 0.331284 0  }
{ -0.702149 -0.0426958 -0.710749 0  }
{ -1.4123 2.14906 1.61085 1  }

フレーム番号100 : 
{ -0.606811 -0.486306 0.628718 0  }
{ -0.370999 0.872832 0.317054 0  }
{ -0.702951 -0.0408619 -0.710063 0  }
{ -1.41807 2.16992 1.61578 1  }

フレーム番号101 : 
{ -0.616019 -0.46398 0.636588 0  }
{ -0.353966 0.884988 0.302498 0  }
{ -0.703725 -0.0389859 -0.709402 0  }
{ -1.42348 2.19115 1.62041 1  }

フレーム番号102 : 
{ -0.624791 -0.441351 0.644085 0  }
{ -0.336703 0.896568 0.287745 0  }
{ -0.704462 -0.0370845 -0.708772 0  }
{ -1.42848 2.21256 1.62468 1  }

フレーム番号103 : 
{ -0.633122 -0.418436 0.651204 0  }
{ -0.319221 0.907565 0.272805 0  }
{ -0.705162 -0.0351591 -0.708174 0  }
{ -1.43307 2.23412 1.6286 1  }

フレーム番号104 : 
{ -0.641007 -0.395249 0.657942 0  }
{ -0.301532 0.917973 0.257688 0  }
{ -0.705825 -0.0332108 -0.707608 0  }
{ -1.43723 2.25584 1.63215 1  }

フレーム番号105 : 
{ -0.648439 -0.371806 0.664294 0  }
{ -0.283647 0.927785 0.242404 0  }
{ -0.706449 -0.0312409 -0.707074 0  }
{ -1.44097 2.27768 1.63535 1  }

フレーム番号106 : 
{ -0.655415 -0.34812 0.670256 0  }
{ -0.265578 0.936993 0.226962 0  }
{ -0.707035 -0.0292508 -0.706573 0  }
{ -1.44429 2.29965 1.63819 1  }

フレーム番号107 : 
{ -0.66193 -0.324209 0.675823 0  }
{ -0.247336 0.945593 0.211372 0  }
{ -0.707583 -0.0272416 -0.706105 0  }
{ -1.44718 2.32171 1.64066 1  }

フレーム番号108 : 
{ -0.667979 -0.300086 0.680993 0  }
{ -0.228933 0.953579 0.195646 0  }
{ -0.708091 -0.0252147 -0.705671 0  }
{ -1.44964 2.34387 1.64276 1  }

フレーム番号109 : 
{ -0.673559 -0.275769 0.685762 0  }
{ -0.210382 0.960945 0.179792 0  }
{ -0.70856 -0.0231715 -0.70527 0  }
{ -1.45167 2.3661 1.64449 1  }

フレーム番号110 : 
{ -0.678666 -0.251273 0.690126 0  }
{ -0.191694 0.967686 0.163821 0  }
{ -0.708989 -0.0211132 -0.704903 0  }
{ -1.45327 2.3884 1.64586 1  }

フレーム番号111 : 
{ -0.683297 -0.226613 0.694083 0  }
{ -0.172881 0.973799 0.147744 0  }
{ -0.709378 -0.0190412 -0.704571 0  }
{ -1.45443 2.41074 1.64686 1  }

フレーム番号112 : 
{ -0.687448 -0.201806 0.697631 0  }
{ -0.153956 0.979279 0.131571 0  }
{ -0.709727 -0.0169568 -0.704273 0  }
{ -1.45517 2.43311 1.64749 1  }

フレーム番号113 : 
{ -0.691117 -0.176868 0.700767 0  }
{ -0.134931 0.984122 0.115312 0  }
{ -0.710035 -0.0148613 -0.704009 0  }
{ -1.45547 2.4555 1.64774 1  }

フレーム番号114 : 
{ -0.694302 -0.151815 0.703489 0  }
{ -0.115819 0.988327 0.0989782 0  }
{ -0.710303 -0.0127563 -0.70378 0  }
{ -1.45533 2.47789 1.64763 1  }

フレーム番号115 : 
{ -0.697001 -0.126664 0.705795 0  }
{ -0.0966307 0.991889 0.0825803 0  }
{ -0.71053 -0.0106429 -0.703587 0  }
{ -1.45477 2.50027 1.64714 1  }

フレーム番号116 : 
{ -0.699211 -0.10143 0.707684 0  }
{ -0.07738 0.994806 0.0661287 0  }
{ -0.710715 -0.00852265 -0.703428 0  }
{ -1.45377 2.52262 1.64629 1  }

フレーム番号117 : 
{ -0.700931 -0.0761302 0.709154 0  }
{ -0.0580791 0.997077 0.0496342 0  }
{ -0.71086 -0.00639684 -0.703304 0  }
{ -1.45233 2.54494 1.64506 1  }

フレーム番号118 : 
{ -0.702161 -0.050781 0.710205 0  }
{ -0.0387403 0.998701 0.0331074 0  }
{ -0.710963 -0.00426687 -0.703216 0  }
{ -1.45047 2.5672 1.64347 1  }

フレーム番号119 : 
{ -0.702899 -0.0253987 0.710836 0  }
{ -0.0193765 0.999675 0.0165591 0  }
{ -0.711025 -0.00213413 -0.703163 0  }
{ -1.44817 2.58938 1.64151 1  }

フレーム番号120 : 
{ -0.703146 -1.2326e-32 0.711046 0  }
{ -4.93038e-32 1 2.46519e-32 0  }
{ -0.711046 -4.93038e-32 -0.703146 0  }
{ -1.44544 2.61149 1.63918 1  }

