
[MeshData]

ボーン番号 : 8

ボーン名 : {  }

オフセット行列 : 
{ 1 0 0 0  }
{ -0 1 0 0  }
{ 0 -0 1 0  }
{ 8.69185e-16 1.35053 1.89005 1  }

アニメーション行列 : 
フレーム番号0 : 
{ 0.960363 0.0837169 0.265886 0  }
{ -0.0868429 0.996222 -2.99922e-18 0  }
{ -0.264881 -0.0230903 0.964005 0  }
{ -0.112476 1.37251 1.86234 1  }

フレーム番号1 : 
{ 0.96045 0.0836018 0.265605 0  }
{ -0.0867165 0.996233 -3.68601e-18 0  }
{ -0.264605 -0.0230324 0.964082 0  }
{ -0.112396 1.37249 1.8624 1  }

フレーム番号2 : 
{ 0.960709 0.0832615 0.264777 0  }
{ -0.0863431 0.996265 -3.01673e-18 0  }
{ -0.263788 -0.0228616 0.96431 0  }
{ -0.112161 1.37243 1.86257 1  }

フレーム番号3 : 
{ 0.96113 0.0827033 0.263418 0  }
{ -0.0857312 0.996318 3.08751e-19 0  }
{ -0.262448 -0.0225832 0.964682 0  }
{ -0.111774 1.37234 1.86286 1  }

フレーム番号4 : 
{ 0.961706 0.0819342 0.261549 0  }
{ -0.0848892 0.99639 3.34868e-18 0  }
{ -0.260605 -0.0222026 0.96519 0  }
{ -0.111241 1.3722 1.86325 1  }

フレーム番号5 : 
{ 0.962428 0.080961 0.259186 0  }
{ -0.0838256 0.99648 0 0  }
{ -0.258273 -0.0217264 0.965828 0  }
{ -0.110567 1.37202 1.86374 1  }

フレーム番号6 : 
{ 0.963286 0.0797904 0.256347 0  }
{ -0.0825488 0.996587 -3.55754e-18 0  }
{ -0.255473 -0.0211612 0.966585 0  }
{ -0.109755 1.37181 1.86432 1  }

フレーム番号7 : 
{ 0.964268 0.0784289 0.253052 0  }
{ -0.0810674 0.996709 0 0  }
{ -0.252219 -0.0205143 0.967453 0  }
{ -0.10881 1.37155 1.86499 1  }

フレーム番号8 : 
{ 0.965365 0.0768828 0.249317 0  }
{ -0.0793898 0.996844 3.35989e-18 0  }
{ -0.24853 -0.0197932 0.968422 0  }
{ -0.107736 1.37126 1.86574 1  }

フレーム番号9 : 
{ 0.966565 0.0751585 0.24516 0  }
{ -0.0775243 0.99699 6.76584e-18 0  }
{ -0.244422 -0.0190058 0.969483 0  }
{ -0.106538 1.37093 1.86655 1  }

フレーム番号10 : 
{ 0.967856 0.0732624 0.240599 0  }
{ -0.0754796 0.997147 -5.71096e-20 0  }
{ -0.239912 -0.0181603 0.970625 0  }
{ -0.10522 1.37055 1.86743 1  }

フレーム番号11 : 
{ 0.969226 0.0712007 0.235651 0  }
{ -0.073264 0.997313 0 0  }
{ -0.235018 -0.0172647 0.971838 0  }
{ -0.103785 1.37014 1.86837 1  }

フレーム番号12 : 
{ 0.970663 0.06898 0.230335 0  }
{ -0.070886 0.997484 3.19654e-18 0  }
{ -0.229756 -0.0163275 0.973111 0  }
{ -0.102238 1.36968 1.86935 1  }

フレーム番号13 : 
{ 0.972156 0.0666066 0.224668 0  }
{ -0.068354 0.997661 -3.1179e-18 0  }
{ -0.224143 -0.015357 0.974435 0  }
{ -0.100583 1.36918 1.87037 1  }

フレーム番号14 : 
{ 0.973692 0.0640871 0.218669 0  }
{ -0.0656766 0.997841 1.69274e-18 0  }
{ -0.218197 -0.0143614 0.975799 0  }
{ -0.0988249 1.36863 1.87142 1  }

フレーム番号15 : 
{ 0.97526 0.0614284 0.212354 0  }
{ -0.0628621 0.998022 -2.21655e-19 0  }
{ -0.211934 -0.013349 0.977193 0  }
{ -0.0969676 1.36803 1.87249 1  }

フレーム番号16 : 
{ 0.976848 0.0586372 0.205743 0  }
{ -0.0599191 0.998203 -2.6998e-19 0  }
{ -0.205374 -0.0123279 0.978606 0  }
{ -0.0950159 1.36739 1.87358 1  }

フレーム番号17 : 
{ 0.978444 0.0557206 0.198854 0  }
{ -0.056856 0.998382 4.45973e-18 0  }
{ -0.198532 -0.011306 0.980029 0  }
{ -0.0929746 1.3667 1.87467 1  }

フレーム番号18 : 
{ 0.980038 0.0526858 0.191704 0  }
{ -0.0536815 0.998558 1.33022e-18 0  }
{ -0.191428 -0.010291 0.981453 0  }
{ -0.0908484 1.36597 1.87577 1  }

フレーム番号19 : 
{ 0.981618 0.0495403 0.184314 0  }
{ -0.0504039 0.998729 1.27893e-18 0  }
{ -0.184079 -0.00929012 0.982867 0  }
{ -0.0886424 1.36518 1.87686 1  }

フレーム番号20 : 
{ 0.983176 0.0462917 0.1767 0  }
{ -0.0470318 0.998893 -1.2261e-18 0  }
{ -0.176505 -0.00831052 0.984265 0  }
{ -0.0863619 1.36434 1.87793 1  }

フレーム番号21 : 
{ 0.9847 0.0429478 0.168883 0  }
{ -0.0435737 0.99905 8.54903e-19 0  }
{ -0.168722 -0.00735886 0.985636 0  }
{ -0.0840122 1.36346 1.87899 1  }

フレーム番号22 : 
{ 0.986182 0.0395167 0.160881 0  }
{ -0.0400383 0.999198 8.56063e-19 0  }
{ -0.160752 -0.00644139 0.986974 0  }
{ -0.0815989 1.36253 1.88002 1  }

フレーム番号23 : 
{ 0.987614 0.0360066 0.152713 0  }
{ -0.0364339 0.999336 -2.02472e-19 0  }
{ -0.152612 -0.00556394 0.988271 0  }
{ -0.0791278 1.36154 1.88102 1  }

フレーム番号24 : 
{ 0.988988 0.0324259 0.144399 0  }
{ -0.0327693 0.999463 0 0  }
{ -0.144322 -0.00473186 0.98952 0  }
{ -0.0766046 1.36051 1.88198 1  }

フレーム番号25 : 
{ 0.990296 0.0287832 0.135959 0  }
{ -0.0290529 0.999578 0 0  }
{ -0.135901 -0.00395 0.990715 0  }
{ -0.0740355 1.35944 1.8829 1  }

フレーム番号26 : 
{ 0.991533 0.0250873 0.127411 0  }
{ -0.0252935 0.99968 0 0  }
{ -0.12737 -0.00322266 0.99185 0  }
{ -0.0714267 1.35831 1.88378 1  }

フレーム番号27 : 
{ 0.992692 0.0213472 0.118776 0  }
{ -0.0214994 0.999769 0 0  }
{ -0.118748 -0.00255361 0.992921 0  }
{ -0.0687844 1.35714 1.8846 1  }

フレーム番号28 : 
{ 0.993768 0.017572 0.110073 0  }
{ -0.0176794 0.999844 -5.97416e-19 0  }
{ -0.110056 -0.00194603 0.993923 0  }
{ -0.0661152 1.35593 1.88537 1  }

フレーム番号29 : 
{ 0.994758 0.0137708 0.101323 0  }
{ -0.013842 0.999904 3.11578e-19 0  }
{ -0.101313 -0.00140252 0.994854 0  }
{ -0.0634256 1.35467 1.88609 1  }

フレーム番号30 : 
{ 0.995659 0.00995304 0.0925457 0  }
{ -0.00999593 0.99995 -1.60541e-19 0  }
{ -0.0925411 -0.000925081 0.995708 0  }
{ -0.0607224 1.35338 1.88675 1  }

フレーム番号31 : 
{ 0.996467 0.00612806 0.0837612 0  }
{ -0.00614967 0.999981 -3.5388e-20 0  }
{ -0.0837596 -0.000515104 0.996486 0  }
{ -0.0580121 1.35205 1.88734 1  }

フレーム番号32 : 
{ 0.997182 0.00230536 0.0749896 0  }
{ -0.00231187 0.999997 0 0  }
{ -0.0749894 -0.000173366 0.997184 0  }
{ -0.0553017 1.35068 1.88788 1  }

フレーム番号33 : 
{ 0.997802 -0.00150554 0.0662514 0  }
{ 0.00150886 0.999999 -8.43234e-22 0  }
{ -0.0662513 9.99641e-05 0.997803 0  }
{ -0.052598 1.34929 1.88836 1  }

フレーム番号34 : 
{ 0.998328 -0.00529513 0.0575668 0  }
{ 0.00530393 0.999986 -4.18894e-21 0  }
{ -0.057566 0.00030533 0.998342 0  }
{ -0.049908 1.34787 1.88877 1  }

フレーム番号35 : 
{ 0.99876 -0.00905384 0.0489562 0  }
{ 0.00906471 0.999959 -1.46486e-19 0  }
{ -0.0489542 0.000443774 0.998801 0  }
{ -0.0472383 1.34643 1.88913 1  }

フレーム番号36 : 
{ 0.9991 -0.0127722 0.0404399 0  }
{ 0.0127826 0.999918 -3.19726e-20 0  }
{ -0.0404366 0.000516928 0.999182 0  }
{ -0.0445961 1.34497 1.88942 1  }

フレーム番号37 : 
{ 0.999351 -0.0164406 0.0320382 0  }
{ 0.016449 0.999865 1.13945e-19 0  }
{ -0.0320339 0.000526998 0.999487 0  }
{ -0.0419881 1.34349 1.88965 1  }

フレーム番号38 : 
{ 0.999516 -0.0200497 0.0237715 0  }
{ 0.0200554 0.999799 -2.59157e-20 0  }
{ -0.0237667 0.000476747 0.999717 0  }
{ -0.0394212 1.34201 1.88983 1  }

フレーム番号39 : 
{ 0.999599 -0.0235902 0.0156599 0  }
{ 0.0235931 0.999722 5.42035e-20 0  }
{ -0.0156555 0.000369466 0.999877 0  }
{ -0.0369022 1.34053 1.88996 1  }

フレーム番号40 : 
{ 0.999604 -0.0270528 0.00772376 0  }
{ 0.0270536 0.999634 -3.07064e-22 0  }
{ -0.00772093 0.000208956 0.99997 0  }
{ -0.0344377 1.33904 1.89003 1  }

フレーム番号41 : 
{ 0.999537 -0.0304283 -1.68242e-05 0  }
{ 0.0304283 0.999537 5.83708e-23 0  }
{ 1.68165e-05 -5.11934e-07 1 0  }
{ -0.0320345 1.33757 1.89005 1  }

フレーム番号42 : 
{ 0.999403 -0.0337077 -0.00754176 0  }
{ 0.0337087 0.999432 0 0  }
{ 0.00753748 -0.000254223 0.999972 0  }
{ -0.029699 1.33611 1.89003 1  }

フレーム番号43 : 
{ 0.99921 -0.0368821 -0.014831 0  }
{ 0.0368861 0.999319 -1.02911e-19 0  }
{ 0.014821 -0.00054706 0.99989 0  }
{ -0.0274378 1.33467 1.88997 1  }

フレーム番号44 : 
{ 0.998963 -0.0399426 -0.0218647 0  }
{ 0.0399522 0.999202 -2.60111e-19 0  }
{ 0.0218473 -0.000873543 0.999761 0  }
{ -0.0252571 1.33325 1.88987 1  }

フレーム番号45 : 
{ 0.99867 -0.0428806 -0.028623 0  }
{ 0.0428982 0.999079 -1.98612e-19 0  }
{ 0.0285966 -0.00122787 0.99959 0  }
{ -0.0231634 1.33187 1.88973 1  }

フレーム番号46 : 
{ 0.998339 -0.0456876 -0.035086 0  }
{ 0.0457157 0.998954 5.35028e-20 0  }
{ 0.0350494 -0.00160398 0.999384 0  }
{ -0.0211627 1.33053 1.88958 1  }

フレーム番号47 : 
{ 0.997979 -0.0483551 -0.0412342 0  }
{ 0.0483962 0.998828 0 0  }
{ 0.0411859 -0.00199558 0.99915 0  }
{ -0.0192611 1.32924 1.8894 1  }

フレーム番号48 : 
{ 0.997596 -0.0508748 -0.0470479 0  }
{ 0.0509312 0.998702 -3.26461e-19 0  }
{ 0.0469869 -0.00239621 0.998893 0  }
{ -0.0174647 1.328 1.8892 1  }

フレーム番号49 : 
{ 0.9972 -0.0532387 -0.0525076 0  }
{ 0.0533122 0.998578 -6.87377e-20 0  }
{ 0.052433 -0.0027993 0.998621 0  }
{ -0.0157792 1.32682 1.88899 1  }

フレーム番号50 : 
{ 0.9968 -0.0554385 -0.0575939 0  }
{ 0.0555307 0.998457 -4.32961e-19 0  }
{ 0.057505 -0.00319823 0.99834 0  }
{ -0.0142106 1.32571 1.88877 1  }

フレーム番号51 : 
{ 0.996403 -0.0574663 -0.0622874 0  }
{ 0.0575781 0.998341 4.32839e-19 0  }
{ 0.062184 -0.00358639 0.998058 0  }
{ -0.0127645 1.32467 1.88856 1  }

フレーム番号52 : 
{ 0.996017 -0.0593143 -0.0665686 0  }
{ 0.0594461 0.998232 8.65438e-19 0  }
{ 0.0664509 -0.00395725 0.997782 0  }
{ -0.0114467 1.32371 1.88834 1  }

フレーム番号53 : 
{ 0.995652 -0.0609744 -0.0704185 0  }
{ 0.0611261 0.99813 0 0  }
{ 0.0702868 -0.00430441 0.997518 0  }
{ -0.0102627 1.32285 1.88814 1  }

フレーム番号54 : 
{ 0.995315 -0.0624389 -0.0738176 0  }
{ 0.0626097 0.998038 -6.71642e-19 0  }
{ 0.0736727 -0.00462169 0.997272 0  }
{ -0.00921827 1.32208 1.88795 1  }

フレーム番号55 : 
{ 0.995014 -0.0636998 -0.0767467 0  }
{ 0.0638883 0.997957 1.06507e-18 0  }
{ 0.0765899 -0.00490322 0.997051 0  }
{ -0.0083189 1.32141 1.88778 1  }

フレーム番号56 : 
{ 0.994755 -0.0647495 -0.0791866 0  }
{ 0.0649535 0.997888 8.64638e-19 0  }
{ 0.0790194 -0.00514344 0.99686 0  }
{ -0.00757026 1.32085 1.88763 1  }

フレーム番号57 : 
{ 0.994545 -0.0655799 -0.081118 0  }
{ 0.0657968 0.997833 0 0  }
{ 0.0809422 -0.0053373 0.996705 0  }
{ -0.00697798 1.3204 1.88751 1  }

フレーム番号58 : 
{ 0.994389 -0.0661831 -0.0825215 0  }
{ 0.0664096 0.997792 2.80813e-19 0  }
{ 0.0823394 -0.00548023 0.996589 0  }
{ -0.00654774 1.32008 1.88742 1  }

フレーム番号59 : 
{ 0.994293 -0.0665511 -0.0833779 0  }
{ 0.0667836 0.997768 5.85519e-19 0  }
{ 0.0831918 -0.00556828 0.996518 0  }
{ -0.00628531 1.31988 1.88737 1  }

フレーム番号60 : 
{ 0.994261 -0.0666756 -0.0836677 0  }
{ 0.0669102 0.997759 8.64321e-19 0  }
{ 0.0834802 -0.00559822 0.996494 0  }
{ -0.00619653 1.31981 1.88735 1  }

フレーム番号61 : 
{ 0.994293 -0.0665511 -0.0833779 0  }
{ 0.0667836 0.997768 -5.71582e-19 0  }
{ 0.0831918 -0.00556828 0.996518 0  }
{ -0.00628533 1.31988 1.88737 1  }

フレーム番号62 : 
{ 0.994389 -0.0661831 -0.0825215 0  }
{ 0.0664096 0.997792 -8.64403e-19 0  }
{ 0.0823393 -0.00548022 0.996589 0  }
{ -0.00654776 1.32008 1.88742 1  }

フレーム番号63 : 
{ 0.994545 -0.0655799 -0.0811179 0  }
{ 0.0657968 0.997833 2.61234e-19 0  }
{ 0.0809422 -0.0053373 0.996705 0  }
{ -0.00697801 1.32041 1.88751 1  }

フレーム番号64 : 
{ 0.994755 -0.0647495 -0.0791865 0  }
{ 0.0649535 0.997888 -4.68591e-19 0  }
{ 0.0790193 -0.00514344 0.99686 0  }
{ -0.00757033 1.32086 1.88763 1  }

フレーム番号65 : 
{ 0.995014 -0.0636998 -0.0767466 0  }
{ 0.0638883 0.997957 4.00538e-19 0  }
{ 0.0765898 -0.00490321 0.997051 0  }
{ -0.00831901 1.32142 1.88778 1  }

フレーム番号66 : 
{ 0.995315 -0.0624389 -0.0738174 0  }
{ 0.0626097 0.998038 0 0  }
{ 0.0736725 -0.00462168 0.997272 0  }
{ -0.00921842 1.32209 1.88795 1  }

フレーム番号67 : 
{ 0.995652 -0.0609744 -0.0704182 0  }
{ 0.0611261 0.99813 -3.76584e-19 0  }
{ 0.0702865 -0.00430439 0.997518 0  }
{ -0.0102629 1.32287 1.88814 1  }

フレーム番号68 : 
{ 0.996017 -0.0593143 -0.0665683 0  }
{ 0.0594461 0.998232 -4.03528e-19 0  }
{ 0.0664506 -0.00395723 0.997782 0  }
{ -0.011447 1.32374 1.88834 1  }

フレーム番号69 : 
{ 0.996403 -0.0574663 -0.0622869 0  }
{ 0.0575781 0.998341 -4.32202e-19 0  }
{ 0.0621836 -0.00358636 0.998058 0  }
{ -0.0127649 1.3247 1.88856 1  }

フレーム番号70 : 
{ 0.9968 -0.0554385 -0.0575934 0  }
{ 0.0555307 0.998457 0 0  }
{ 0.0575045 -0.0031982 0.99834 0  }
{ -0.014211 1.32574 1.88877 1  }

フレーム番号71 : 
{ 0.9972 -0.0532387 -0.052507 0  }
{ 0.0533122 0.998578 3.6434e-19 0  }
{ 0.0524323 -0.00279926 0.998621 0  }
{ -0.0157798 1.32686 1.88899 1  }

フレーム番号72 : 
{ 0.997596 -0.0508748 -0.0470471 0  }
{ 0.0509312 0.998702 4.33201e-19 0  }
{ 0.0469861 -0.00239617 0.998893 0  }
{ -0.0174653 1.32805 1.8892 1  }

フレーム番号73 : 
{ 0.997979 -0.0483551 -0.0412333 0  }
{ 0.0483962 0.998828 -1.47198e-19 0  }
{ 0.041185 -0.00199554 0.99915 0  }
{ -0.0192618 1.3293 1.8894 1  }

フレーム番号74 : 
{ 0.998339 -0.0456876 -0.035085 0  }
{ 0.0457157 0.998954 0 0  }
{ 0.0350483 -0.00160394 0.999384 0  }
{ -0.0211635 1.3306 1.88958 1  }

フレーム番号75 : 
{ 0.99867 -0.0428806 -0.0286218 0  }
{ 0.0428982 0.999079 2.16752e-19 0  }
{ 0.0285955 -0.00122782 0.99959 0  }
{ -0.0231643 1.33195 1.88973 1  }

フレーム番号76 : 
{ 0.998963 -0.0399426 -0.0218634 0  }
{ 0.0399522 0.999202 -1.73475e-19 0  }
{ 0.021846 -0.000873492 0.999761 0  }
{ -0.0252581 1.33334 1.88987 1  }

フレーム番号77 : 
{ 0.99921 -0.0368821 -0.0148296 0  }
{ 0.0368862 0.999319 0 0  }
{ 0.0148195 -0.000547007 0.99989 0  }
{ -0.0274389 1.33476 1.88997 1  }

フレーム番号78 : 
{ 0.999403 -0.0337077 -0.00754017 0  }
{ 0.0337087 0.999432 1.88816e-21 0  }
{ 0.00753588 -0.000254169 0.999972 0  }
{ -0.0297002 1.33621 1.89003 1  }

フレーム番号79 : 
{ 0.999537 -0.0304284 -1.50663e-05 0  }
{ 0.0304284 0.999537 5.22717e-23 0  }
{ 1.50593e-05 -4.58442e-07 1 0  }
{ -0.0320358 1.33768 1.89005 1  }

フレーム番号80 : 
{ 0.999604 -0.0270528 0.00772568 0  }
{ 0.0270537 0.999634 3.00408e-22 0  }
{ -0.00772285 0.000209008 0.99997 0  }
{ -0.0344392 1.33917 1.89003 1  }

フレーム番号81 : 
{ 0.999599 -0.0235903 0.015662 0  }
{ 0.0235932 0.999722 -5.46085e-20 0  }
{ -0.0156576 0.000369516 0.999877 0  }
{ -0.0369038 1.34066 1.88996 1  }

フレーム番号82 : 
{ 0.999516 -0.0200498 0.0237737 0  }
{ 0.0200554 0.999799 0 0  }
{ -0.0237689 0.000476792 0.999717 0  }
{ -0.039423 1.34216 1.88983 1  }

フレーム番号83 : 
{ 0.999351 -0.0164406 0.0320407 0  }
{ 0.0164491 0.999865 0 0  }
{ -0.0320363 0.000527039 0.999487 0  }
{ -0.04199 1.34365 1.88965 1  }

フレーム番号84 : 
{ 0.9991 -0.0127722 0.0404425 0  }
{ 0.0127826 0.999918 -1.02138e-19 0  }
{ -0.0404392 0.000516962 0.999182 0  }
{ -0.0445982 1.34514 1.88942 1  }

フレーム番号85 : 
{ 0.99876 -0.00905387 0.048959 0  }
{ 0.00906474 0.999959 0 0  }
{ -0.048957 0.000443801 0.998801 0  }
{ -0.0472405 1.34661 1.88913 1  }

フレーム番号86 : 
{ 0.998327 -0.00529516 0.0575698 0  }
{ 0.00530396 0.999986 0 0  }
{ -0.057569 0.000305348 0.998342 0  }
{ -0.0499103 1.34806 1.88877 1  }

フレーム番号87 : 
{ 0.997802 -0.00150559 0.0662546 0  }
{ 0.0015089 0.999999 -8.43918e-22 0  }
{ -0.0662545 9.99717e-05 0.997803 0  }
{ -0.0526005 1.34949 1.88836 1  }

フレーム番号88 : 
{ 0.997181 0.00230532 0.074993 0  }
{ -0.00231183 0.999997 -2.70287e-20 0  }
{ -0.0749928 -0.000173371 0.997184 0  }
{ -0.0553043 1.3509 1.88788 1  }

フレーム番号89 : 
{ 0.996467 0.00612802 0.0837647 0  }
{ -0.00614963 0.999981 -7.26543e-20 0  }
{ -0.0837631 -0.000515122 0.996486 0  }
{ -0.0580149 1.35227 1.88734 1  }

フレーム番号90 : 
{ 0.995658 0.00995299 0.0925494 0  }
{ -0.00999589 0.99995 -5.53621e-20 0  }
{ -0.0925448 -0.000925114 0.995708 0  }
{ -0.0607252 1.35362 1.88675 1  }

フレーム番号91 : 
{ 0.994758 0.0137708 0.101327 0  }
{ -0.013842 0.999904 0 0  }
{ -0.101317 -0.00140257 0.994853 0  }
{ -0.0634287 1.35492 1.88609 1  }

フレーム番号92 : 
{ 0.993768 0.0175719 0.110077 0  }
{ -0.0176794 0.999844 1.66384e-19 0  }
{ -0.11006 -0.00194609 0.993923 0  }
{ -0.0661184 1.35619 1.88537 1  }

フレーム番号93 : 
{ 0.992691 0.0213472 0.11878 0  }
{ -0.0214994 0.999769 -1.85101e-20 0  }
{ -0.118752 -0.00255369 0.992921 0  }
{ -0.0687877 1.35741 1.8846 1  }

フレーム番号94 : 
{ 0.991532 0.0250872 0.127415 0  }
{ -0.0252934 0.99968 4.4206e-19 0  }
{ -0.127374 -0.00322276 0.991849 0  }
{ -0.0714301 1.3586 1.88377 1  }

フレーム番号95 : 
{ 0.990296 0.0287831 0.135963 0  }
{ -0.0290529 0.999578 4.71717e-19 0  }
{ -0.135906 -0.00395012 0.990714 0  }
{ -0.0740391 1.35973 1.8829 1  }

フレーム番号96 : 
{ 0.988987 0.0324258 0.144404 0  }
{ -0.0327692 0.999463 8.58271e-19 0  }
{ -0.144326 -0.00473201 0.989519 0  }
{ -0.0766083 1.36082 1.88198 1  }

フレーム番号97 : 
{ 0.987614 0.0360065 0.152718 0  }
{ -0.0364339 0.999336 -2.02507e-19 0  }
{ -0.152617 -0.00556411 0.98827 0  }
{ -0.0791316 1.36187 1.88102 1  }

フレーム番号98 : 
{ 0.986182 0.0395166 0.160886 0  }
{ -0.0400382 0.999198 0 0  }
{ -0.160757 -0.00644158 0.986973 0  }
{ -0.0816029 1.36286 1.88002 1  }

フレーム番号99 : 
{ 0.984699 0.0429477 0.168888 0  }
{ -0.0435737 0.99905 1.1719e-18 0  }
{ -0.168728 -0.00735907 0.985635 0  }
{ -0.0840163 1.3638 1.87899 1  }

フレーム番号100 : 
{ 0.983175 0.0462916 0.176706 0  }
{ -0.0470317 0.998893 -1.22614e-18 0  }
{ -0.17651 -0.00831077 0.984264 0  }
{ -0.0863661 1.3647 1.87793 1  }

フレーム番号101 : 
{ 0.981617 0.0495402 0.184319 0  }
{ -0.0504038 0.998729 -1.27897e-18 0  }
{ -0.184085 -0.00929039 0.982866 0  }
{ -0.0886468 1.36554 1.87686 1  }

フレーム番号102 : 
{ 0.980036 0.0526857 0.19171 0  }
{ -0.0536814 0.998558 9.57966e-19 0  }
{ -0.191434 -0.0102913 0.981452 0  }
{ -0.0908528 1.36634 1.87577 1  }

フレーム番号103 : 
{ 0.978443 0.0557204 0.19886 0  }
{ -0.056856 0.998382 2.75973e-18 0  }
{ -0.198538 -0.0113064 0.980028 0  }
{ -0.0929791 1.36709 1.87467 1  }

フレーム番号104 : 
{ 0.976846 0.058637 0.205749 0  }
{ -0.059919 0.998203 1.42767e-18 0  }
{ -0.20538 -0.0123283 0.978605 0  }
{ -0.0950206 1.36778 1.87358 1  }

フレーム番号105 : 
{ 0.975259 0.0614282 0.21236 0  }
{ -0.062862 0.998022 -1.69516e-18 0  }
{ -0.21194 -0.0133494 0.977191 0  }
{ -0.0969724 1.36843 1.87249 1  }

フレーム番号106 : 
{ 0.973691 0.064087 0.218675 0  }
{ -0.0656765 0.997841 0 0  }
{ -0.218203 -0.0143618 0.975798 0  }
{ -0.0988298 1.36904 1.87142 1  }

フレーム番号107 : 
{ 0.972155 0.0666064 0.224675 0  }
{ -0.0683539 0.997661 0 0  }
{ -0.224149 -0.0153574 0.974434 0  }
{ -0.100588 1.36959 1.87037 1  }

フレーム番号108 : 
{ 0.970662 0.0689798 0.230342 0  }
{ -0.0708859 0.997484 -1.79522e-19 0  }
{ -0.229762 -0.016328 0.97311 0  }
{ -0.102243 1.37011 1.86935 1  }

フレーム番号109 : 
{ 0.969224 0.0712005 0.235658 0  }
{ -0.0732639 0.997313 3.27041e-18 0  }
{ -0.235024 -0.0172652 0.971836 0  }
{ -0.10379 1.37057 1.86837 1  }

フレーム番号110 : 
{ 0.967854 0.0732622 0.240605 0  }
{ -0.0754795 0.997147 -3.33907e-18 0  }
{ -0.239919 -0.0181608 0.970623 0  }
{ -0.105225 1.371 1.86743 1  }

フレーム番号111 : 
{ 0.966563 0.0751583 0.245166 0  }
{ -0.0775243 0.99699 3.8805e-20 0  }
{ -0.244429 -0.0190063 0.969481 0  }
{ -0.106544 1.37138 1.86655 1  }

フレーム番号112 : 
{ 0.965364 0.0768826 0.249324 0  }
{ -0.0793897 0.996844 3.46006e-18 0  }
{ -0.248537 -0.0197937 0.96842 0  }
{ -0.107742 1.37171 1.86574 1  }

フレーム番号113 : 
{ 0.964267 0.0784286 0.253059 0  }
{ -0.0810673 0.996709 0 0  }
{ -0.252226 -0.0205148 0.967451 0  }
{ -0.108815 1.37201 1.86499 1  }

フレーム番号114 : 
{ 0.963284 0.0797902 0.256354 0  }
{ -0.0825487 0.996587 2.04124e-19 0  }
{ -0.255479 -0.0211617 0.966583 0  }
{ -0.10976 1.37227 1.86432 1  }

フレーム番号115 : 
{ 0.962426 0.0809608 0.259193 0  }
{ -0.0838254 0.99648 -3.84316e-18 0  }
{ -0.25828 -0.0217269 0.965826 0  }
{ -0.110572 1.37249 1.86374 1  }

フレーム番号116 : 
{ 0.961704 0.0819339 0.261556 0  }
{ -0.0848891 0.99639 3.34867e-18 0  }
{ -0.260612 -0.0222032 0.965188 0  }
{ -0.111247 1.37267 1.86325 1  }

フレーム番号117 : 
{ 0.961128 0.082703 0.263425 0  }
{ -0.0857311 0.996318 3.34691e-18 0  }
{ -0.262456 -0.0225837 0.96468 0  }
{ -0.11178 1.37281 1.86286 1  }

フレーム番号118 : 
{ 0.960707 0.0832612 0.264784 0  }
{ -0.086343 0.996265 0 0  }
{ -0.263795 -0.0228622 0.964308 0  }
{ -0.112166 1.37291 1.86257 1  }

フレーム番号119 : 
{ 0.960448 0.0836016 0.265612 0  }
{ -0.0867164 0.996233 -3.68611e-18 0  }
{ -0.264612 -0.0230329 0.96408 0  }
{ -0.112402 1.37297 1.86239 1  }

フレーム番号120 : 
{ 0.960361 0.0837167 0.265893 0  }
{ -0.0868428 0.996222 -3.69e-18 0  }
{ -0.264888 -0.0230909 0.964003 0  }
{ -0.112482 1.37299 1.86233 1  }

