
[MeshData]

ボーン番号 : 17

ボーン名 : {  }

オフセット行列 : 
{ -0.760212 9.30991e-17 0.649675 0  }
{ 4.29025e-17 1 -9.30991e-17 0  }
{ -0.649675 -4.29025e-17 -0.760212 0  }
{ -0.775297 2.45979 1.09147 1  }

アニメーション行列 : 
フレーム番号0 : 
{ -0.760212 0 0.649675 0  }
{ 0 1 0 0  }
{ -0.649675 0 -0.760212 0  }
{ -0.775297 2.45979 1.09147 1  }

フレーム番号1 : 
{ -0.759233 -0.0507443 0.648838 0  }
{ -0.0385765 0.998712 0.0329673 0  }
{ -0.649675 -6.48101e-19 -0.760212 0  }
{ -0.775297 2.45979 1.09147 1  }

フレーム番号2 : 
{ -0.756297 -0.101358 0.646329 0  }
{ -0.0770535 0.99485 0.0658497 0  }
{ -0.649675 0 -0.760212 0  }
{ -0.775297 2.45979 1.09147 1  }

フレーム番号3 : 
{ -0.751413 -0.15171 0.642155 0  }
{ -0.115332 0.988425 0.0985624 0  }
{ -0.649675 0 -0.760212 0  }
{ -0.775297 2.45979 1.09147 1  }

フレーム番号4 : 
{ -0.744592 -0.201672 0.636326 0  }
{ -0.153313 0.979453 0.131021 0  }
{ -0.649675 -1.1195e-17 -0.760212 0  }
{ -0.775297 2.45979 1.09147 1  }

フレーム番号5 : 
{ -0.735853 -0.251114 0.628858 0  }
{ -0.1909 0.967958 0.163142 0  }
{ -0.649675 0 -0.760212 0  }
{ -0.775297 2.45979 1.09147 1  }

フレーム番号6 : 
{ -0.725218 -0.299909 0.619769 0  }
{ -0.227994 0.953968 0.194843 0  }
{ -0.649675 3.32965e-17 -0.760212 0  }
{ -0.775297 2.45979 1.09147 1  }

フレーム番号7 : 
{ -0.712714 -0.347931 0.609083 0  }
{ -0.264501 0.93752 0.226042 0  }
{ -0.649675 0 -0.760212 0  }
{ -0.775297 2.45979 1.09147 1  }

フレーム番号8 : 
{ -0.698374 -0.395056 0.596828 0  }
{ -0.300327 0.918657 0.256658 0  }
{ -0.649675 0 -0.760212 0  }
{ -0.775297 2.45979 1.09147 1  }

フレーム番号9 : 
{ -0.682235 -0.441164 0.583035 0  }
{ -0.335378 0.897426 0.286613 0  }
{ -0.649675 0 -0.760212 0  }
{ -0.775297 2.45979 1.09147 1  }

フレーム番号10 : 
{ -0.664337 -0.486135 0.56774 0  }
{ -0.369566 0.873884 0.31583 0  }
{ -0.649675 -2.42551e-17 -0.760212 0  }
{ -0.775297 2.45979 1.09147 1  }

フレーム番号11 : 
{ -0.644728 -0.529853 0.550982 0  }
{ -0.402801 0.848089 0.344232 0  }
{ -0.649675 -2.94128e-17 -0.760212 0  }
{ -0.775297 2.45979 1.09147 1  }

フレーム番号12 : 
{ -0.623457 -0.572206 0.532805 0  }
{ -0.434998 0.82011 0.371748 0  }
{ -0.649675 0 -0.760212 0  }
{ -0.775297 2.45979 1.09147 1  }

フレーム番号13 : 
{ -0.60058 -0.613085 0.513254 0  }
{ -0.466075 0.790017 0.398306 0  }
{ -0.649675 0 -0.760212 0  }
{ -0.775297 2.45979 1.09147 1  }

フレーム番号14 : 
{ -0.576156 -0.652384 0.492381 0  }
{ -0.49595 0.757888 0.423838 0  }
{ -0.649675 0 -0.760212 0  }
{ -0.775297 2.45979 1.09147 1  }

フレーム番号15 : 
{ -0.550247 -0.690002 0.470239 0  }
{ -0.524548 0.723807 0.448277 0  }
{ -0.649675 -4.01794e-17 -0.760212 0  }
{ -0.775297 2.45979 1.09147 1  }

フレーム番号16 : 
{ -0.52292 -0.725842 0.446886 0  }
{ -0.551794 0.687861 0.471562 0  }
{ -0.649675 2.10839e-18 -0.760212 0  }
{ -0.775297 2.45979 1.09147 1  }

フレーム番号17 : 
{ -0.494246 -0.759812 0.422381 0  }
{ -0.577619 0.650142 0.493631 0  }
{ -0.649675 0 -0.760212 0  }
{ -0.775297 2.45979 1.09147 1  }

フレーム番号18 : 
{ -0.464299 -0.791825 0.396788 0  }
{ -0.601955 0.610749 0.514428 0  }
{ -0.649675 -4.39551e-17 -0.760212 0  }
{ -0.775297 2.45979 1.09147 1  }

フレーム番号19 : 
{ -0.433155 -0.821796 0.370173 0  }
{ -0.62474 0.569781 0.5339 0  }
{ -0.649675 0 -0.760212 0  }
{ -0.775297 2.45979 1.09147 1  }

フレーム番号20 : 
{ -0.400895 -0.849651 0.342603 0  }
{ -0.645915 0.527346 0.551997 0  }
{ -0.649675 -2.92736e-17 -0.760212 0  }
{ -0.775297 2.45979 1.09147 1  }

フレーム番号21 : 
{ -0.41709 -0.836052 0.356444 0  }
{ -0.635577 0.54865 0.543162 0  }
{ -0.649675 0 -0.760212 0  }
{ -0.775297 2.45979 1.09147 1  }

フレーム番号22 : 
{ -0.43302 -0.821919 0.370057 0  }
{ -0.624833 0.569604 0.53398 0  }
{ -0.649675 0 -0.760212 0  }
{ -0.775297 2.45979 1.09147 1  }

フレーム番号23 : 
{ -0.448673 -0.807262 0.383434 0  }
{ -0.61369 0.590194 0.524458 0  }
{ -0.649675 -3.27623e-17 -0.760212 0  }
{ -0.775297 2.45979 1.09147 1  }

フレーム番号24 : 
{ -0.464039 -0.792088 0.396566 0  }
{ -0.602155 0.610407 0.5146 0  }
{ -0.649675 -3.38844e-17 -0.760212 0  }
{ -0.775297 2.45979 1.09147 1  }

フレーム番号25 : 
{ -0.479108 -0.776409 0.409444 0  }
{ -0.590235 0.63023 0.504413 0  }
{ -0.649675 0 -0.760212 0  }
{ -0.775297 2.45979 1.09147 1  }

フレーム番号26 : 
{ -0.493872 -0.760233 0.422061 0  }
{ -0.577939 0.64965 0.493904 0  }
{ -0.649675 0 -0.760212 0  }
{ -0.775297 2.45979 1.09147 1  }

フレーム番号27 : 
{ -0.50832 -0.743572 0.434409 0  }
{ -0.565273 0.668656 0.48308 0  }
{ -0.649675 4.1587e-18 -0.760212 0  }
{ -0.775297 2.45979 1.09147 1  }

フレーム番号28 : 
{ -0.522444 -0.726436 0.446479 0  }
{ -0.552245 0.687234 0.471947 0  }
{ -0.649675 0 -0.760212 0  }
{ -0.775297 2.45979 1.09147 1  }

フレーム番号29 : 
{ -0.536233 -0.708836 0.458263 0  }
{ -0.538866 0.705373 0.460513 0  }
{ -0.649675 0 -0.760212 0  }
{ -0.775297 2.45979 1.09147 1  }

フレーム番号30 : 
{ -0.549681 -0.690783 0.469755 0  }
{ -0.525142 0.723062 0.448784 0  }
{ -0.649675 0 -0.760212 0  }
{ -0.775297 2.45979 1.09147 1  }

フレーム番号31 : 
{ -0.562777 -0.672289 0.480947 0  }
{ -0.511082 0.740289 0.436769 0  }
{ -0.649675 0 -0.760212 0  }
{ -0.775297 2.45979 1.09147 1  }

フレーム番号32 : 
{ -0.575513 -0.653365 0.491832 0  }
{ -0.496696 0.757043 0.424475 0  }
{ -0.649675 0 -0.760212 0  }
{ -0.775297 2.45979 1.09147 1  }

フレーム番号33 : 
{ -0.587882 -0.634024 0.502402 0  }
{ -0.481993 0.773313 0.41191 0  }
{ -0.649675 0 -0.760212 0  }
{ -0.775297 2.45979 1.09147 1  }

フレーム番号34 : 
{ -0.599876 -0.614278 0.512652 0  }
{ -0.466982 0.78909 0.399081 0  }
{ -0.649675 -7.79026e-17 -0.760212 0  }
{ -0.775297 2.45979 1.09147 1  }

フレーム番号35 : 
{ -0.611486 -0.59414 0.522574 0  }
{ -0.451672 0.804362 0.385998 0  }
{ -0.649675 4.46511e-17 -0.760212 0  }
{ -0.775297 2.45979 1.09147 1  }

フレーム番号36 : 
{ -0.622705 -0.573622 0.532162 0  }
{ -0.436074 0.81912 0.372668 0  }
{ -0.649675 0 -0.760212 0  }
{ -0.775297 2.45979 1.09147 1  }

フレーム番号37 : 
{ -0.633527 -0.552737 0.54141 0  }
{ -0.420198 0.833355 0.3591 0  }
{ -0.649675 0 -0.760212 0  }
{ -0.775297 2.45979 1.09147 1  }

フレーム番号38 : 
{ -0.643944 -0.5315 0.550313 0  }
{ -0.404053 0.847058 0.345302 0  }
{ -0.649675 -4.70212e-17 -0.760212 0  }
{ -0.775297 2.45979 1.09147 1  }

フレーム番号39 : 
{ -0.65395 -0.509923 0.558863 0  }
{ -0.38765 0.86022 0.331284 0  }
{ -0.649675 4.77518e-17 -0.760212 0  }
{ -0.775297 2.45979 1.09147 1  }

フレーム番号40 : 
{ -0.663538 -0.48802 0.567057 0  }
{ -0.370999 0.872832 0.317054 0  }
{ -0.649675 0 -0.760212 0  }
{ -0.775297 2.45979 1.09147 1  }

フレーム番号41 : 
{ -0.672778 -0.465615 0.574954 0  }
{ -0.353966 0.884988 0.302498 0  }
{ -0.649675 0 -0.760212 0  }
{ -0.775297 2.45979 1.09147 1  }

フレーム番号42 : 
{ -0.681582 -0.442907 0.582478 0  }
{ -0.336703 0.896568 0.287745 0  }
{ -0.649675 0 -0.760212 0  }
{ -0.775297 2.45979 1.09147 1  }

フレーム番号43 : 
{ -0.689942 -0.419911 0.589622 0  }
{ -0.319221 0.907565 0.272805 0  }
{ -0.649675 -2.33097e-17 -0.760212 0  }
{ -0.775297 2.45979 1.09147 1  }

フレーム番号44 : 
{ -0.697855 -0.396642 0.596384 0  }
{ -0.301532 0.917973 0.257688 0  }
{ -0.649675 4.40361e-17 -0.760212 0  }
{ -0.775297 2.45979 1.09147 1  }

フレーム番号45 : 
{ -0.705313 -0.373116 0.602758 0  }
{ -0.283647 0.927785 0.242404 0  }
{ -0.649675 2.57512e-17 -0.760212 0  }
{ -0.775297 2.45979 1.09147 1  }

フレーム番号46 : 
{ -0.712314 -0.349347 0.608741 0  }
{ -0.265578 0.936993 0.226962 0  }
{ -0.649675 0 -0.760212 0  }
{ -0.775297 2.45979 1.09147 1  }

フレーム番号47 : 
{ -0.718852 -0.325351 0.614328 0  }
{ -0.247336 0.945593 0.211372 0  }
{ -0.649675 -3.61212e-17 -0.760212 0  }
{ -0.775297 2.45979 1.09147 1  }

フレーム番号48 : 
{ -0.724922 -0.301144 0.619516 0  }
{ -0.228933 0.953579 0.195646 0  }
{ -0.649675 1.67168e-17 -0.760212 0  }
{ -0.775297 2.45979 1.09147 1  }

フレーム番号49 : 
{ -0.730522 -0.276741 0.624302 0  }
{ -0.210382 0.960945 0.179792 0  }
{ -0.649675 1.53622e-17 -0.760212 0  }
{ -0.775297 2.45979 1.09147 1  }

フレーム番号50 : 
{ -0.735647 -0.252158 0.628681 0  }
{ -0.191694 0.967686 0.163821 0  }
{ -0.649675 1.34293e-17 -0.760212 0  }
{ -0.775297 2.45979 1.09147 1  }

フレーム番号51 : 
{ -0.740294 -0.227412 0.632653 0  }
{ -0.172881 0.973799 0.147744 0  }
{ -0.649675 -1.35142e-17 -0.760212 0  }
{ -0.775297 2.45979 1.09147 1  }

フレーム番号52 : 
{ -0.74446 -0.202517 0.636213 0  }
{ -0.153956 0.979279 0.131571 0  }
{ -0.649675 1.1242e-17 -0.760212 0  }
{ -0.775297 2.45979 1.09147 1  }

フレーム番号53 : 
{ -0.748142 -0.177492 0.63936 0  }
{ -0.134931 0.984122 0.115312 0  }
{ -0.649675 9.85276e-18 -0.760212 0  }
{ -0.775297 2.45979 1.09147 1  }

フレーム番号54 : 
{ -0.751338 -0.15235 0.642091 0  }
{ -0.115819 0.988327 0.0989782 0  }
{ -0.649675 8.45715e-18 -0.760212 0  }
{ -0.775297 2.45979 1.09147 1  }

フレーム番号55 : 
{ -0.754046 -0.12711 0.644405 0  }
{ -0.0966307 0.991889 0.0825803 0  }
{ -0.649675 7.05603e-18 -0.760212 0  }
{ -0.775297 2.45979 1.09147 1  }

フレーム番号56 : 
{ -0.756264 -0.101787 0.646301 0  }
{ -0.07738 0.994806 0.0661287 0  }
{ -0.649675 0 -0.760212 0  }
{ -0.775297 2.45979 1.09147 1  }

フレーム番号57 : 
{ -0.75799 -0.0763985 0.647776 0  }
{ -0.0580791 0.997077 0.0496342 0  }
{ -0.649675 -4.24097e-18 -0.760212 0  }
{ -0.775297 2.45979 1.09147 1  }

フレーム番号58 : 
{ -0.759224 -0.0509599 0.648831 0  }
{ -0.0387403 0.998701 0.0331074 0  }
{ -0.649675 3.46494e-18 -0.760212 0  }
{ -0.775297 2.45979 1.09147 1  }

フレーム番号59 : 
{ -0.759965 -0.0254882 0.649464 0  }
{ -0.0193765 0.999675 0.0165591 0  }
{ -0.649675 1.41488e-18 -0.760212 0  }
{ -0.775297 2.45979 1.09147 1  }

フレーム番号60 : 
{ -0.760212 0 0.649675 0  }
{ 0 1 0 0  }
{ -0.649675 0 -0.760212 0  }
{ -0.775297 2.45979 1.09147 1  }

フレーム番号61 : 
{ -0.759233 -0.0507443 0.648838 0  }
{ -0.0385765 0.998712 0.0329673 0  }
{ -0.649675 -6.48101e-19 -0.760212 0  }
{ -0.775297 2.45979 1.09147 1  }

フレーム番号62 : 
{ -0.756297 -0.101358 0.646329 0  }
{ -0.0770535 0.99485 0.0658497 0  }
{ -0.649675 0 -0.760212 0  }
{ -0.775297 2.45979 1.09147 1  }

フレーム番号63 : 
{ -0.751413 -0.15171 0.642155 0  }
{ -0.115332 0.988425 0.0985624 0  }
{ -0.649675 0 -0.760212 0  }
{ -0.775297 2.45979 1.09147 1  }

フレーム番号64 : 
{ -0.744592 -0.201672 0.636326 0  }
{ -0.153313 0.979453 0.131021 0  }
{ -0.649675 -1.1195e-17 -0.760212 0  }
{ -0.775297 2.45979 1.09147 1  }

フレーム番号65 : 
{ -0.735853 -0.251114 0.628858 0  }
{ -0.1909 0.967958 0.163142 0  }
{ -0.649675 0 -0.760212 0  }
{ -0.775297 2.45979 1.09147 1  }

フレーム番号66 : 
{ -0.725218 -0.299909 0.619769 0  }
{ -0.227994 0.953968 0.194843 0  }
{ -0.649675 3.32965e-17 -0.760212 0  }
{ -0.775297 2.45979 1.09147 1  }

フレーム番号67 : 
{ -0.712714 -0.347931 0.609083 0  }
{ -0.264501 0.93752 0.226042 0  }
{ -0.649675 0 -0.760212 0  }
{ -0.775297 2.45979 1.09147 1  }

フレーム番号68 : 
{ -0.698374 -0.395056 0.596828 0  }
{ -0.300327 0.918657 0.256658 0  }
{ -0.649675 0 -0.760212 0  }
{ -0.775297 2.45979 1.09147 1  }

フレーム番号69 : 
{ -0.682235 -0.441164 0.583035 0  }
{ -0.335378 0.897426 0.286613 0  }
{ -0.649675 0 -0.760212 0  }
{ -0.775297 2.45979 1.09147 1  }

フレーム番号70 : 
{ -0.664337 -0.486135 0.56774 0  }
{ -0.369566 0.873884 0.31583 0  }
{ -0.649675 -2.42551e-17 -0.760212 0  }
{ -0.775297 2.45979 1.09147 1  }

フレーム番号71 : 
{ -0.644728 -0.529853 0.550982 0  }
{ -0.402801 0.848089 0.344232 0  }
{ -0.649675 -2.94128e-17 -0.760212 0  }
{ -0.775297 2.45979 1.09147 1  }

フレーム番号72 : 
{ -0.623457 -0.572206 0.532805 0  }
{ -0.434998 0.82011 0.371748 0  }
{ -0.649675 0 -0.760212 0  }
{ -0.775297 2.45979 1.09147 1  }

フレーム番号73 : 
{ -0.60058 -0.613085 0.513254 0  }
{ -0.466075 0.790017 0.398306 0  }
{ -0.649675 0 -0.760212 0  }
{ -0.775297 2.45979 1.09147 1  }

フレーム番号74 : 
{ -0.576156 -0.652384 0.492381 0  }
{ -0.49595 0.757888 0.423838 0  }
{ -0.649675 0 -0.760212 0  }
{ -0.775297 2.45979 1.09147 1  }

フレーム番号75 : 
{ -0.550247 -0.690002 0.470239 0  }
{ -0.524548 0.723807 0.448277 0  }
{ -0.649675 -4.01794e-17 -0.760212 0  }
{ -0.775297 2.45979 1.09147 1  }

フレーム番号76 : 
{ -0.52292 -0.725842 0.446886 0  }
{ -0.551794 0.687861 0.471562 0  }
{ -0.649675 2.10839e-18 -0.760212 0  }
{ -0.775297 2.45979 1.09147 1  }

フレーム番号77 : 
{ -0.494246 -0.759812 0.422381 0  }
{ -0.577619 0.650142 0.493631 0  }
{ -0.649675 0 -0.760212 0  }
{ -0.775297 2.45979 1.09147 1  }

フレーム番号78 : 
{ -0.464299 -0.791825 0.396788 0  }
{ -0.601955 0.610749 0.514428 0  }
{ -0.649675 -4.39551e-17 -0.760212 0  }
{ -0.775297 2.45979 1.09147 1  }

フレーム番号79 : 
{ -0.433155 -0.821796 0.370173 0  }
{ -0.62474 0.569781 0.5339 0  }
{ -0.649675 0 -0.760212 0  }
{ -0.775297 2.45979 1.09147 1  }

フレーム番号80 : 
{ -0.400895 -0.849651 0.342603 0  }
{ -0.645915 0.527346 0.551997 0  }
{ -0.649675 -2.92736e-17 -0.760212 0  }
{ -0.775297 2.45979 1.09147 1  }

フレーム番号81 : 
{ -0.41709 -0.836052 0.356444 0  }
{ -0.635577 0.54865 0.543162 0  }
{ -0.649675 0 -0.760212 0  }
{ -0.775297 2.45979 1.09147 1  }

フレーム番号82 : 
{ -0.43302 -0.821919 0.370057 0  }
{ -0.624833 0.569604 0.53398 0  }
{ -0.649675 0 -0.760212 0  }
{ -0.775297 2.45979 1.09147 1  }

フレーム番号83 : 
{ -0.448673 -0.807262 0.383434 0  }
{ -0.61369 0.590194 0.524458 0  }
{ -0.649675 -3.27623e-17 -0.760212 0  }
{ -0.775297 2.45979 1.09147 1  }

フレーム番号84 : 
{ -0.464039 -0.792088 0.396566 0  }
{ -0.602155 0.610407 0.5146 0  }
{ -0.649675 -3.38844e-17 -0.760212 0  }
{ -0.775297 2.45979 1.09147 1  }

フレーム番号85 : 
{ -0.479108 -0.776409 0.409444 0  }
{ -0.590235 0.63023 0.504413 0  }
{ -0.649675 0 -0.760212 0  }
{ -0.775297 2.45979 1.09147 1  }

フレーム番号86 : 
{ -0.493872 -0.760233 0.422061 0  }
{ -0.577939 0.64965 0.493904 0  }
{ -0.649675 0 -0.760212 0  }
{ -0.775297 2.45979 1.09147 1  }

フレーム番号87 : 
{ -0.50832 -0.743572 0.434409 0  }
{ -0.565273 0.668656 0.48308 0  }
{ -0.649675 4.1587e-18 -0.760212 0  }
{ -0.775297 2.45979 1.09147 1  }

フレーム番号88 : 
{ -0.522444 -0.726436 0.446479 0  }
{ -0.552245 0.687234 0.471947 0  }
{ -0.649675 0 -0.760212 0  }
{ -0.775297 2.45979 1.09147 1  }

フレーム番号89 : 
{ -0.536233 -0.708836 0.458263 0  }
{ -0.538866 0.705373 0.460513 0  }
{ -0.649675 0 -0.760212 0  }
{ -0.775297 2.45979 1.09147 1  }

フレーム番号90 : 
{ -0.549681 -0.690783 0.469755 0  }
{ -0.525142 0.723062 0.448784 0  }
{ -0.649675 0 -0.760212 0  }
{ -0.775297 2.45979 1.09147 1  }

フレーム番号91 : 
{ -0.562777 -0.672289 0.480947 0  }
{ -0.511082 0.740289 0.436769 0  }
{ -0.649675 0 -0.760212 0  }
{ -0.775297 2.45979 1.09147 1  }

フレーム番号92 : 
{ -0.575513 -0.653365 0.491832 0  }
{ -0.496696 0.757043 0.424475 0  }
{ -0.649675 0 -0.760212 0  }
{ -0.775297 2.45979 1.09147 1  }

フレーム番号93 : 
{ -0.587882 -0.634024 0.502402 0  }
{ -0.481993 0.773313 0.41191 0  }
{ -0.649675 0 -0.760212 0  }
{ -0.775297 2.45979 1.09147 1  }

フレーム番号94 : 
{ -0.599876 -0.614278 0.512652 0  }
{ -0.466982 0.78909 0.399081 0  }
{ -0.649675 -7.79026e-17 -0.760212 0  }
{ -0.775297 2.45979 1.09147 1  }

フレーム番号95 : 
{ -0.611486 -0.59414 0.522574 0  }
{ -0.451672 0.804362 0.385998 0  }
{ -0.649675 4.46511e-17 -0.760212 0  }
{ -0.775297 2.45979 1.09147 1  }

フレーム番号96 : 
{ -0.622705 -0.573622 0.532162 0  }
{ -0.436074 0.81912 0.372668 0  }
{ -0.649675 0 -0.760212 0  }
{ -0.775297 2.45979 1.09147 1  }

フレーム番号97 : 
{ -0.633527 -0.552737 0.54141 0  }
{ -0.420198 0.833355 0.3591 0  }
{ -0.649675 0 -0.760212 0  }
{ -0.775297 2.45979 1.09147 1  }

フレーム番号98 : 
{ -0.643944 -0.5315 0.550313 0  }
{ -0.404053 0.847058 0.345302 0  }
{ -0.649675 -4.70212e-17 -0.760212 0  }
{ -0.775297 2.45979 1.09147 1  }

フレーム番号99 : 
{ -0.65395 -0.509923 0.558863 0  }
{ -0.38765 0.86022 0.331284 0  }
{ -0.649675 4.77518e-17 -0.760212 0  }
{ -0.775297 2.45979 1.09147 1  }

フレーム番号100 : 
{ -0.663538 -0.48802 0.567057 0  }
{ -0.370999 0.872832 0.317054 0  }
{ -0.649675 0 -0.760212 0  }
{ -0.775297 2.45979 1.09147 1  }

フレーム番号101 : 
{ -0.672778 -0.465615 0.574954 0  }
{ -0.353966 0.884988 0.302498 0  }
{ -0.649675 0 -0.760212 0  }
{ -0.775297 2.45979 1.09147 1  }

フレーム番号102 : 
{ -0.681582 -0.442907 0.582478 0  }
{ -0.336703 0.896568 0.287745 0  }
{ -0.649675 0 -0.760212 0  }
{ -0.775297 2.45979 1.09147 1  }

フレーム番号103 : 
{ -0.689942 -0.419911 0.589622 0  }
{ -0.319221 0.907565 0.272805 0  }
{ -0.649675 -2.33097e-17 -0.760212 0  }
{ -0.775297 2.45979 1.09147 1  }

フレーム番号104 : 
{ -0.697855 -0.396642 0.596384 0  }
{ -0.301532 0.917973 0.257688 0  }
{ -0.649675 4.40361e-17 -0.760212 0  }
{ -0.775297 2.45979 1.09147 1  }

フレーム番号105 : 
{ -0.705313 -0.373116 0.602758 0  }
{ -0.283647 0.927785 0.242404 0  }
{ -0.649675 2.57512e-17 -0.760212 0  }
{ -0.775297 2.45979 1.09147 1  }

フレーム番号106 : 
{ -0.712314 -0.349347 0.608741 0  }
{ -0.265578 0.936993 0.226962 0  }
{ -0.649675 0 -0.760212 0  }
{ -0.775297 2.45979 1.09147 1  }

フレーム番号107 : 
{ -0.718852 -0.325351 0.614328 0  }
{ -0.247336 0.945593 0.211372 0  }
{ -0.649675 -3.61212e-17 -0.760212 0  }
{ -0.775297 2.45979 1.09147 1  }

フレーム番号108 : 
{ -0.724922 -0.301144 0.619516 0  }
{ -0.228933 0.953579 0.195646 0  }
{ -0.649675 1.67168e-17 -0.760212 0  }
{ -0.775297 2.45979 1.09147 1  }

フレーム番号109 : 
{ -0.730522 -0.276741 0.624302 0  }
{ -0.210382 0.960945 0.179792 0  }
{ -0.649675 1.53622e-17 -0.760212 0  }
{ -0.775297 2.45979 1.09147 1  }

フレーム番号110 : 
{ -0.735647 -0.252158 0.628681 0  }
{ -0.191694 0.967686 0.163821 0  }
{ -0.649675 1.34293e-17 -0.760212 0  }
{ -0.775297 2.45979 1.09147 1  }

フレーム番号111 : 
{ -0.740294 -0.227412 0.632653 0  }
{ -0.172881 0.973799 0.147744 0  }
{ -0.649675 -1.35142e-17 -0.760212 0  }
{ -0.775297 2.45979 1.09147 1  }

フレーム番号112 : 
{ -0.74446 -0.202517 0.636213 0  }
{ -0.153956 0.979279 0.131571 0  }
{ -0.649675 1.1242e-17 -0.760212 0  }
{ -0.775297 2.45979 1.09147 1  }

フレーム番号113 : 
{ -0.748142 -0.177492 0.63936 0  }
{ -0.134931 0.984122 0.115312 0  }
{ -0.649675 9.85276e-18 -0.760212 0  }
{ -0.775297 2.45979 1.09147 1  }

フレーム番号114 : 
{ -0.751338 -0.15235 0.642091 0  }
{ -0.115819 0.988327 0.0989782 0  }
{ -0.649675 8.45715e-18 -0.760212 0  }
{ -0.775297 2.45979 1.09147 1  }

フレーム番号115 : 
{ -0.754046 -0.12711 0.644405 0  }
{ -0.0966307 0.991889 0.0825803 0  }
{ -0.649675 7.05603e-18 -0.760212 0  }
{ -0.775297 2.45979 1.09147 1  }

フレーム番号116 : 
{ -0.756264 -0.101787 0.646301 0  }
{ -0.07738 0.994806 0.0661287 0  }
{ -0.649675 0 -0.760212 0  }
{ -0.775297 2.45979 1.09147 1  }

フレーム番号117 : 
{ -0.75799 -0.0763985 0.647776 0  }
{ -0.0580791 0.997077 0.0496342 0  }
{ -0.649675 -4.24097e-18 -0.760212 0  }
{ -0.775297 2.45979 1.09147 1  }

フレーム番号118 : 
{ -0.759224 -0.0509599 0.648831 0  }
{ -0.0387403 0.998701 0.0331074 0  }
{ -0.649675 3.46494e-18 -0.760212 0  }
{ -0.775297 2.45979 1.09147 1  }

フレーム番号119 : 
{ -0.759965 -0.0254882 0.649464 0  }
{ -0.0193765 0.999675 0.0165591 0  }
{ -0.649675 1.41488e-18 -0.760212 0  }
{ -0.775297 2.45979 1.09147 1  }

フレーム番号120 : 
{ -0.760212 0 0.649675 0  }
{ 0 1 0 0  }
{ -0.649675 0 -0.760212 0  }
{ -0.775297 2.45979 1.09147 1  }

