
[MeshData]

ボーン番号 : 13

ボーン名 : {  }

オフセット行列 : 
{ -0.763886 9.3549e-17 0.645352 0  }
{ 4.34319e-17 1 -9.3549e-17 0  }
{ -0.645352 -4.34319e-17 -0.763886 0  }
{ -0.943206 2.50077 1.13505 1  }

アニメーション行列 : 
フレーム番号0 : 
{ -0.763886 9.95191e-33 0.645352 0  }
{ -4.93038e-32 1 -2.46519e-32 0  }
{ -0.645352 2.46519e-32 -0.763886 0  }
{ -0.943206 2.50077 1.13505 1  }

フレーム番号1 : 
{ -0.763539 -0.0316801 0.644984 0  }
{ -0.0221896 0.999493 0.0228245 0  }
{ -0.64538 0.00311546 -0.763855 0  }
{ -0.945397 2.49362 1.13739 1  }

フレーム番号2 : 
{ -0.762037 -0.0729601 0.64341 0  }
{ -0.0517167 0.997315 0.0518397 0  }
{ -0.645465 0.0062287 -0.763764 0  }
{ -0.947457 2.48639 1.13959 1  }

フレーム番号3 : 
{ -0.758614 -0.122708 0.639881 0  }
{ -0.0877266 0.992399 0.0863049 0  }
{ -0.645607 0.0093375 -0.763612 0  }
{ -0.949384 2.47908 1.14165 1  }

フレーム番号4 : 
{ -0.752475 -0.179683 0.633636 0  }
{ -0.129288 0.983646 0.125401 0  }
{ -0.645806 0.0124396 -0.7634 0  }
{ -0.951177 2.4717 1.14356 1  }

フレーム番号5 : 
{ -0.742864 -0.242519 0.62397 0  }
{ -0.175381 0.970022 0.168221 0  }
{ -0.646061 0.0155329 -0.763127 0  }
{ -0.952835 2.46425 1.14533 1  }

フレーム番号6 : 
{ -0.729124 -0.309729 0.610283 0  }
{ -0.224899 0.950643 0.213773 0  }
{ -0.646373 0.0186151 -0.762794 0  }
{ -0.954356 2.45674 1.14696 1  }

フレーム番号7 : 
{ -0.710762 -0.379727 0.592135 0  }
{ -0.276665 0.924844 0.260997 0  }
{ -0.646741 0.021684 -0.762402 0  }
{ -0.955739 2.44917 1.14844 1  }

フレーム番号8 : 
{ -0.687486 -0.450869 0.569281 0  }
{ -0.329457 0.892247 0.308793 0  }
{ -0.647165 0.0247374 -0.761949 0  }
{ -0.956984 2.44155 1.14977 1  }

フレーム番号9 : 
{ -0.659239 -0.521506 0.541697 0  }
{ -0.38205 0.852795 0.35606 0  }
{ -0.647644 0.0277732 -0.761437 0  }
{ -0.958089 2.43389 1.15095 1  }

フレーム番号10 : 
{ -0.626218 -0.590055 0.509595 0  }
{ -0.433263 0.806776 0.401741 0  }
{ -0.648178 0.0307892 -0.760866 0  }
{ -0.959055 2.42618 1.15198 1  }

フレーム番号11 : 
{ -0.588871 -0.655062 0.473418 0  }
{ -0.482009 0.754819 0.444877 0  }
{ -0.648767 0.0337833 -0.760236 0  }
{ -0.959879 2.41844 1.15286 1  }

フレーム番号12 : 
{ -0.547881 -0.715277 0.433825 0  }
{ -0.527344 0.697874 0.484645 0  }
{ -0.649411 0.0367532 -0.759549 0  }
{ -0.960561 2.41067 1.15359 1  }

フレーム番号13 : 
{ -0.50414 -0.769706 0.391657 0  }
{ -0.568508 0.637163 0.520406 0  }
{ -0.650109 0.0396969 -0.758803 0  }
{ -0.961102 2.40287 1.15416 1  }

フレーム番号14 : 
{ -0.4587 -0.817656 0.347898 0  }
{ -0.604959 0.574128 0.551726 0  }
{ -0.65086 0.0426123 -0.758001 0  }
{ -0.9615 2.39506 1.15459 1  }

フレーム番号15 : 
{ -0.412731 -0.858756 0.30363 0  }
{ -0.636386 0.510361 0.578399 0  }
{ -0.651664 0.0454974 -0.757142 0  }
{ -0.961755 2.38724 1.15486 1  }

フレーム番号16 : 
{ -0.36747 -0.892958 0.259984 0  }
{ -0.662709 0.447536 0.600441 0  }
{ -0.652521 0.0483499 -0.756227 0  }
{ -0.961868 2.3794 1.15498 1  }

フレーム番号17 : 
{ -0.324168 -0.920515 0.218098 0  }
{ -0.684066 0.387341 0.618078 0  }
{ -0.653429 0.051168 -0.755257 0  }
{ -0.961837 2.37157 1.15495 1  }

フレーム番号18 : 
{ -0.284054 -0.941937 0.179075 0  }
{ -0.700778 0.331427 0.631717 0  }
{ -0.654388 0.0539496 -0.754232 0  }
{ -0.961664 2.36374 1.15477 1  }

フレーム番号19 : 
{ -0.248301 -0.957925 0.143966 0  }
{ -0.713302 0.281364 0.641899 0  }
{ -0.655398 0.0566927 -0.753153 0  }
{ -0.961348 2.35592 1.15443 1  }

フレーム番号20 : 
{ -0.218005 -0.969296 0.113746 0  }
{ -0.722175 0.238614 0.64925 0  }
{ -0.656457 0.0593954 -0.752021 0  }
{ -0.960889 2.34811 1.15394 1  }

フレーム番号21 : 
{ -0.232293 -0.963945 0.129805 0  }
{ -0.718745 0.260035 0.644815 0  }
{ -0.655321 0.0564889 -0.753236 0  }
{ -0.961376 2.3565 1.15446 1  }

フレーム番号22 : 
{ -0.255442 -0.954514 0.153793 0  }
{ -0.711841 0.29332 0.638158 0  }
{ -0.654241 0.053536 -0.754389 0  }
{ -0.961699 2.36491 1.1548 1  }

フレーム番号23 : 
{ -0.286234 -0.94021 0.184594 0  }
{ -0.70098 0.336825 0.628631 0  }
{ -0.653221 0.0505389 -0.755479 0  }
{ -0.961857 2.37333 1.15497 1  }

フレーム番号24 : 
{ -0.323331 -0.920117 0.221003 0  }
{ -0.685576 0.388753 0.615513 0  }
{ -0.652259 0.0475002 -0.756506 0  }
{ -0.961849 2.38175 1.15496 1  }

フレーム番号25 : 
{ -0.36528 -0.89335 0.261718 0  }
{ -0.665059 0.447161 0.598117 0  }
{ -0.651357 0.0444224 -0.75747 0  }
{ -0.961677 2.39016 1.15478 1  }

フレーム番号26 : 
{ -0.410538 -0.859196 0.305353 0  }
{ -0.638973 0.509976 0.57588 0  }
{ -0.650516 0.0413079 -0.758368 0  }
{ -0.961339 2.39857 1.15442 1  }

フレーム番号27 : 
{ -0.457507 -0.817228 0.350466 0  }
{ -0.607066 0.57505 0.548441 0  }
{ -0.649737 0.0381594 -0.759201 0  }
{ -0.960837 2.40696 1.15388 1  }

フレーム番号28 : 
{ -0.504591 -0.767388 0.395605 0  }
{ -0.569352 0.640228 0.5157 0  }
{ -0.64902 0.0349795 -0.759967 0  }
{ -0.96017 2.41532 1.15317 1  }

フレーム番号29 : 
{ -0.550266 -0.710043 0.439371 0  }
{ -0.526147 0.703441 0.477849 0  }
{ -0.648365 0.0317708 -0.760667 0  }
{ -0.95934 2.42365 1.15228 1  }

フレーム番号30 : 
{ -0.593148 -0.645996 0.480484 0  }
{ -0.478085 0.762807 0.435385 0  }
{ -0.647773 0.0285359 -0.761299 0  }
{ -0.958346 2.43195 1.15122 1  }

フレーム番号31 : 
{ -0.632072 -0.576465 0.517855 0  }
{ -0.426097 0.816731 0.389091 0  }
{ -0.647245 0.0252775 -0.761862 0  }
{ -0.95719 2.4402 1.14999 1  }

フレーム番号32 : 
{ -0.666151 -0.503024 0.550645 0  }
{ -0.371371 0.863993 0.340001 0  }
{ -0.646782 0.0219982 -0.762358 0  }
{ -0.955873 2.44839 1.14858 1  }

フレーム番号33 : 
{ -0.694824 -0.427523 0.578312 0  }
{ -0.315293 0.903811 0.289337 0  }
{ -0.646383 0.0187008 -0.762784 0  }
{ -0.954396 2.45653 1.147 1  }

フレーム番号34 : 
{ -0.717877 -0.351985 0.600632 0  }
{ -0.259372 0.935879 0.238446 0  }
{ -0.646048 0.0153881 -0.763141 0  }
{ -0.95276 2.4646 1.14525 1  }

フレーム番号35 : 
{ -0.735442 -0.278509 0.617704 0  }
{ -0.205171 0.960358 0.188727 0  }
{ -0.645779 0.0120626 -0.763429 0  }
{ -0.950966 2.4726 1.14334 1  }

フレーム番号36 : 
{ -0.747961 -0.209168 0.629924 0  }
{ -0.154233 0.977841 0.141562 0  }
{ -0.645575 0.00872721 -0.763647 0  }
{ -0.949016 2.48052 1.14125 1  }

フレーム番号37 : 
{ -0.756135 -0.145941 0.637935 0  }
{ -0.108034 0.989279 0.098267 0  }
{ -0.645437 0.00538463 -0.763795 0  }
{ -0.946911 2.48836 1.139 1  }

フレーム番号38 : 
{ -0.760848 -0.090657 0.642567 0  }
{ -0.0679411 0.99588 0.0600571 0  }
{ -0.645364 0.00203761 -0.763873 0  }
{ -0.944654 2.49611 1.13659 1  }

フレーム番号39 : 
{ -0.76307 -0.0449848 0.644749 0  }
{ -0.0352084 0.998987 0.0280308 0  }
{ -0.645357 -0.00131109 -0.76388 0  }
{ -0.942245 2.50375 1.13402 1  }

フレーム番号40 : 
{ -0.763753 -0.0104399 0.645424 0  }
{ -0.010981 0.999935 0.00317997 0  }
{ -0.645415 -0.00465871 -0.763818 0  }
{ -0.939688 2.5113 1.13129 1  }

フレーム番号41 : 
{ -0.764101 -0.020946 0.644757 0  }
{ -0.0223247 0.999733 0.00602091 0  }
{ -0.644711 -0.00979345 -0.764364 0  }
{ -0.93987 2.51077 1.13148 1  }

フレーム番号42 : 
{ -0.764743 -0.0460502 0.642687 0  }
{ -0.0507264 0.99865 0.0111957 0  }
{ -0.642335 -0.0240394 -0.766047 0  }
{ -0.940052 2.51025 1.13168 1  }

フレーム番号43 : 
{ -0.764874 -0.08205 0.638933 0  }
{ -0.091763 0.995618 0.0180039 0  }
{ -0.63761 -0.0448596 -0.769052 0  }
{ -0.940234 2.50973 1.13187 1  }

フレーム番号44 : 
{ -0.763744 -0.12519 0.633263 0  }
{ -0.140926 0.989687 0.0256882 0  }
{ -0.629948 -0.0696242 -0.77351 0  }
{ -0.940414 2.50921 1.13206 1  }

フレーム番号45 : 
{ -0.760919 -0.171687 0.62572 0  }
{ -0.193694 0.98049 0.0334853 0  }
{ -0.619261 -0.0957182 -0.779329 0  }
{ -0.940594 2.50868 1.13226 1  }

フレーム番号46 : 
{ -0.756434 -0.217795 0.616744 0  }
{ -0.245656 0.968501 0.0407167 0  }
{ -0.606186 -0.120708 -0.78611 0  }
{ -0.940773 2.50816 1.13245 1  }

フレーム番号47 : 
{ -0.750832 -0.259886 0.607215 0  }
{ -0.292663 0.955066 0.0468825 0  }
{ -0.592114 -0.142508 -0.793153 0  }
{ -0.940952 2.50764 1.13264 1  }

フレーム番号48 : 
{ -0.74511 -0.294511 0.598393 0  }
{ -0.330899 0.942248 0.0517155 0  }
{ -0.579066 -0.159474 -0.799532 0  }
{ -0.941129 2.50711 1.13283 1  }

フレーム番号49 : 
{ -0.740548 -0.318388 0.591792 0  }
{ -0.356853 0.932531 0.0551536 0  }
{ -0.569424 -0.170339 -0.804202 0  }
{ -0.941306 2.50659 1.13302 1  }

フレーム番号50 : 
{ -0.738471 -0.328313 0.588957 0  }
{ -0.367127 0.92841 0.057213 0  }
{ -0.565577 -0.173972 -0.806136 0  }
{ -0.941483 2.50606 1.13321 1  }

フレーム番号51 : 
{ -0.740021 -0.320804 0.591147 0  }
{ -0.358399 0.931825 0.0570266 0  }
{ -0.56914 -0.169665 -0.804546 0  }
{ -0.941658 2.50553 1.13339 1  }

フレーム番号52 : 
{ -0.74468 -0.297089 0.597654 0  }
{ -0.332292 0.941627 0.0540369 0  }
{ -0.578821 -0.158356 -0.799931 0  }
{ -0.941833 2.50501 1.13358 1  }

フレーム番号53 : 
{ -0.750868 -0.260897 0.606737 0  }
{ -0.292588 0.955005 0.0485587 0  }
{ -0.592105 -0.141063 -0.793418 0  }
{ -0.942007 2.50448 1.13377 1  }

フレーム番号54 : 
{ -0.757013 -0.216034 0.616652 0  }
{ -0.243182 0.969115 0.0409786 0  }
{ -0.606459 -0.118938 -0.786168 0  }
{ -0.942181 2.50395 1.13395 1  }

フレーム番号55 : 
{ -0.761885 -0.166512 0.625944 0  }
{ -0.188309 0.981591 0.0319148 0  }
{ -0.619735 -0.0935553 -0.779215 0  }
{ -0.942353 2.50342 1.13414 1  }

フレーム番号56 : 
{ -0.764811 -0.116558 0.633623 0  }
{ -0.132583 0.990922 0.0222516 0  }
{ -0.630465 -0.0669897 -0.773322 0  }
{ -0.942525 2.50289 1.13432 1  }

フレーム番号57 : 
{ -0.765765 -0.0705477 0.63924 0  }
{ -0.0809041 0.996636 0.0130731 0  }
{ -0.638012 -0.0417061 -0.768896 0  }
{ -0.942697 2.50236 1.1345 1  }

フレーム番号58 : 
{ -0.765302 -0.0328876 0.64283 0  }
{ -0.0382803 0.999252 0.00554881 0  }
{ -0.642532 -0.0203612 -0.765989 0  }
{ -0.942867 2.50183 1.13468 1  }

フレーム番号59 : 
{ -0.764356 -0.00794025 0.644745 0  }
{ -0.00968761 0.999953 0.000829923 0  }
{ -0.644721 -0.00561168 -0.764397 0  }
{ -0.943037 2.5013 1.13487 1  }

フレーム番号60 : 
{ -0.763886 9.95191e-33 0.645352 0  }
{ -4.93038e-32 1 -2.46519e-32 0  }
{ -0.645352 2.46519e-32 -0.763886 0  }
{ -0.943206 2.50077 1.13505 1  }

フレーム番号61 : 
{ -0.763644 -0.0265218 0.645093 0  }
{ -0.018249 0.999643 0.0194957 0  }
{ -0.64538 0.00311546 -0.763855 0  }
{ -0.945397 2.49362 1.13739 1  }

フレーム番号62 : 
{ -0.762918 -0.0530247 0.644318 0  }
{ -0.0364851 0.998574 0.0389776 0  }
{ -0.645465 0.0062287 -0.763764 0  }
{ -0.947457 2.48639 1.13959 1  }

フレーム番号63 : 
{ -0.761708 -0.0794897 0.643026 0  }
{ -0.0546951 0.996792 0.0584316 0  }
{ -0.645607 0.0093375 -0.763612 0  }
{ -0.949384 2.47908 1.14165 1  }

フレーム番号64 : 
{ -0.760016 -0.105898 0.641218 0  }
{ -0.0728661 0.994299 0.077844 0  }
{ -0.645806 0.0124396 -0.7634 0  }
{ -0.951177 2.4717 1.14356 1  }

フレーム番号65 : 
{ -0.757843 -0.132231 0.638896 0  }
{ -0.0909851 0.991097 0.0972008 0  }
{ -0.646061 0.0155329 -0.763127 0  }
{ -0.952835 2.46425 1.14533 1  }

フレーム番号66 : 
{ -0.75519 -0.158469 0.636062 0  }
{ -0.109039 0.987188 0.116488 0  }
{ -0.646373 0.0186151 -0.762794 0  }
{ -0.954356 2.45674 1.14696 1  }

フレーム番号67 : 
{ -0.752059 -0.184595 0.632717 0  }
{ -0.127016 0.982575 0.135693 0  }
{ -0.646741 0.021684 -0.762402 0  }
{ -0.955739 2.44917 1.14844 1  }

フレーム番号68 : 
{ -0.748453 -0.210589 0.628865 0  }
{ -0.144901 0.977262 0.1548 0  }
{ -0.647165 0.0247374 -0.761949 0  }
{ -0.956984 2.44155 1.14977 1  }

フレーム番号69 : 
{ -0.744373 -0.236432 0.624506 0  }
{ -0.162684 0.971251 0.173798 0  }
{ -0.647644 0.0277732 -0.761437 0  }
{ -0.958089 2.43389 1.15095 1  }

フレーム番号70 : 
{ -0.739824 -0.262107 0.619646 0  }
{ -0.18035 0.964547 0.192671 0  }
{ -0.648178 0.0307892 -0.760866 0  }
{ -0.959055 2.42618 1.15198 1  }

フレーム番号71 : 
{ -0.734807 -0.287595 0.614286 0  }
{ -0.197888 0.957156 0.211407 0  }
{ -0.648767 0.0337833 -0.760236 0  }
{ -0.959879 2.41844 1.15286 1  }

フレーム番号72 : 
{ -0.729327 -0.312878 0.608432 0  }
{ -0.215285 0.949082 0.229992 0  }
{ -0.649411 0.0367532 -0.759549 0  }
{ -0.960561 2.41067 1.15359 1  }

フレーム番号73 : 
{ -0.723387 -0.337938 0.602087 0  }
{ -0.232528 0.940331 0.248413 0  }
{ -0.650109 0.0396969 -0.758803 0  }
{ -0.961102 2.40287 1.15416 1  }

フレーム番号74 : 
{ -0.716993 -0.362757 0.595255 0  }
{ -0.249605 0.930909 0.266657 0  }
{ -0.65086 0.0426123 -0.758001 0  }
{ -0.9615 2.39506 1.15459 1  }

フレーム番号75 : 
{ -0.710148 -0.387317 0.587942 0  }
{ -0.266504 0.920823 0.28471 0  }
{ -0.651664 0.0454974 -0.757142 0  }
{ -0.961755 2.38724 1.15486 1  }

フレーム番号76 : 
{ -0.702856 -0.411601 0.580153 0  }
{ -0.283213 0.910081 0.302561 0  }
{ -0.652521 0.0483499 -0.756227 0  }
{ -0.961868 2.3794 1.15498 1  }

フレーム番号77 : 
{ -0.695125 -0.435591 0.571893 0  }
{ -0.29972 0.898689 0.320196 0  }
{ -0.653429 0.051168 -0.755257 0  }
{ -0.961837 2.37157 1.15495 1  }

フレーム番号78 : 
{ -0.686958 -0.45927 0.563169 0  }
{ -0.316014 0.886657 0.337602 0  }
{ -0.654388 0.0539496 -0.754232 0  }
{ -0.961664 2.36374 1.15477 1  }

フレーム番号79 : 
{ -0.678362 -0.482622 0.553986 0  }
{ -0.332081 0.873992 0.354768 0  }
{ -0.655398 0.0566927 -0.753153 0  }
{ -0.961348 2.35592 1.15443 1  }

フレーム番号80 : 
{ -0.669343 -0.50563 0.544351 0  }
{ -0.347913 0.860703 0.37168 0  }
{ -0.656457 0.0593954 -0.752021 0  }
{ -0.960889 2.34811 1.15394 1  }

フレーム番号81 : 
{ -0.67902 -0.480888 0.554688 0  }
{ -0.330888 0.874961 0.353493 0  }
{ -0.655321 0.0564889 -0.753236 0  }
{ -0.961376 2.3565 1.15446 1  }

フレーム番号82 : 
{ -0.688207 -0.455749 0.564503 0  }
{ -0.313591 0.888497 0.335014 0  }
{ -0.654241 0.053536 -0.754389 0  }
{ -0.961699 2.36491 1.1548 1  }

フレーム番号83 : 
{ -0.696897 -0.430235 0.573787 0  }
{ -0.296035 0.901301 0.316259 0  }
{ -0.653221 0.0505389 -0.755479 0  }
{ -0.961857 2.37333 1.15497 1  }

フレーム番号84 : 
{ -0.705084 -0.404367 0.582533 0  }
{ -0.278236 0.913363 0.297244 0  }
{ -0.652259 0.0475002 -0.756506 0  }
{ -0.961849 2.38175 1.15496 1  }

フレーム番号85 : 
{ -0.712759 -0.378165 0.590733 0  }
{ -0.260207 0.924672 0.277983 0  }
{ -0.651357 0.0444224 -0.75747 0  }
{ -0.961677 2.39016 1.15478 1  }

フレーム番号86 : 
{ -0.719918 -0.351652 0.59838 0  }
{ -0.241964 0.935219 0.258494 0  }
{ -0.650516 0.0413079 -0.758368 0  }
{ -0.961339 2.39857 1.15442 1  }

フレーム番号87 : 
{ -0.726553 -0.32485 0.605469 0  }
{ -0.223522 0.944996 0.238792 0  }
{ -0.649737 0.0381594 -0.759201 0  }
{ -0.960837 2.40696 1.15388 1  }

フレーム番号88 : 
{ -0.732661 -0.297779 0.611993 0  }
{ -0.204895 0.953994 0.218893 0  }
{ -0.64902 0.0349795 -0.759967 0  }
{ -0.96017 2.41532 1.15317 1  }

フレーム番号89 : 
{ -0.738234 -0.270463 0.617948 0  }
{ -0.1861 0.962206 0.198813 0  }
{ -0.648365 0.0317708 -0.760667 0  }
{ -0.95934 2.42365 1.15228 1  }

フレーム番号90 : 
{ -0.74327 -0.242925 0.623328 0  }
{ -0.167151 0.969625 0.17857 0  }
{ -0.647773 0.0285359 -0.761299 0  }
{ -0.958346 2.43195 1.15122 1  }

フレーム番号91 : 
{ -0.747763 -0.215186 0.628128 0  }
{ -0.148065 0.976246 0.15818 0  }
{ -0.647245 0.0252775 -0.761862 0  }
{ -0.95719 2.4402 1.14999 1  }

フレーム番号92 : 
{ -0.751711 -0.18727 0.632345 0  }
{ -0.128856 0.982062 0.137659 0  }
{ -0.646782 0.0219982 -0.762358 0  }
{ -0.955873 2.44839 1.14858 1  }

フレーム番号93 : 
{ -0.755109 -0.159199 0.635976 0  }
{ -0.109541 0.987069 0.117025 0  }
{ -0.646383 0.0187008 -0.762784 0  }
{ -0.954396 2.45653 1.147 1  }

フレーム番号94 : 
{ -0.757956 -0.130998 0.639017 0  }
{ -0.0901367 0.991263 0.0962944 0  }
{ -0.646048 0.0153881 -0.763141 0  }
{ -0.95276 2.4646 1.14525 1  }

フレーム番号95 : 
{ -0.760248 -0.102688 0.641466 0  }
{ -0.0706576 0.99464 0.0754846 0  }
{ -0.645779 0.0120626 -0.763429 0  }
{ -0.950966 2.4726 1.14334 1  }

フレーム番号96 : 
{ -0.761984 -0.0742943 0.64332 0  }
{ -0.0511203 0.997198 0.0546126 0  }
{ -0.645575 0.00872721 -0.763647 0  }
{ -0.949016 2.48052 1.14125 1  }

フレーム番号97 : 
{ -0.763162 -0.0458391 0.644579 0  }
{ -0.0315408 0.998934 0.0336956 0  }
{ -0.645437 0.00538463 -0.763795 0  }
{ -0.946911 2.48836 1.139 1  }

フレーム番号98 : 
{ -0.763782 -0.017346 0.645241 0  }
{ -0.0119354 0.999847 0.0127508 0  }
{ -0.645364 0.00203761 -0.763873 0  }
{ -0.944654 2.49611 1.13659 1  }

フレーム番号99 : 
{ -0.763843 0.0111613 0.645306 0  }
{ 0.00767983 0.999937 -0.00820448 0  }
{ -0.645357 -0.00131109 -0.76388 0  }
{ -0.942245 2.50375 1.13402 1  }

フレーム番号100 : 
{ -0.763344 0.0396594 0.644773 0  }
{ 0.0272887 0.999202 -0.029153 0  }
{ -0.645415 -0.00465871 -0.763818 0  }
{ -0.939688 2.5113 1.13129 1  }

フレーム番号101 : 
{ -0.763397 0.0376774 0.64483 0  }
{ 0.025925 0.99928 -0.0276961 0  }
{ -0.645409 -0.00442589 -0.763824 0  }
{ -0.93987 2.51077 1.13148 1  }

フレーム番号102 : 
{ -0.763447 0.0356953 0.644883 0  }
{ 0.0245611 0.999354 -0.026239 0  }
{ -0.645403 -0.00419305 -0.763831 0  }
{ -0.940052 2.51025 1.13168 1  }

フレーム番号103 : 
{ -0.763494 0.033713 0.644934 0  }
{ 0.0231971 0.999424 -0.0247819 0  }
{ -0.645398 -0.0039602 -0.763837 0  }
{ -0.940234 2.50973 1.13187 1  }

フレーム番号104 : 
{ -0.763539 0.0317306 0.644982 0  }
{ 0.0218331 0.999489 -0.0233246 0  }
{ -0.645392 -0.00372733 -0.763842 0  }
{ -0.940414 2.50921 1.13206 1  }

フレーム番号105 : 
{ -0.763581 0.029748 0.645026 0  }
{ 0.0204689 0.999551 -0.0218673 0  }
{ -0.645387 -0.00349444 -0.763847 0  }
{ -0.940594 2.50868 1.13226 1  }

フレーム番号106 : 
{ -0.76362 0.0277653 0.645068 0  }
{ 0.0191047 0.999609 -0.0204099 0  }
{ -0.645383 -0.00326154 -0.763852 0  }
{ -0.940773 2.50816 1.13245 1  }

フレーム番号107 : 
{ -0.763657 0.0257826 0.645107 0  }
{ 0.0177404 0.999663 -0.0189524 0  }
{ -0.645379 -0.00302863 -0.763857 0  }
{ -0.940952 2.50764 1.13264 1  }

フレーム番号108 : 
{ -0.763691 0.0237997 0.645143 0  }
{ 0.016376 0.999713 -0.0174948 0  }
{ -0.645375 -0.0027957 -0.763861 0  }
{ -0.941129 2.50711 1.13283 1  }

フレーム番号109 : 
{ -0.763722 0.0218167 0.645177 0  }
{ 0.0150116 0.999759 -0.0160371 0  }
{ -0.645371 -0.00256277 -0.763865 0  }
{ -0.941306 2.50659 1.13302 1  }

フレーム番号110 : 
{ -0.76375 0.0198337 0.645207 0  }
{ 0.0136471 0.999801 -0.0145794 0  }
{ -0.645368 -0.00232982 -0.763869 0  }
{ -0.941483 2.50606 1.13321 1  }

フレーム番号111 : 
{ -0.763776 0.0178505 0.645235 0  }
{ 0.0122825 0.999838 -0.0131216 0  }
{ -0.645365 -0.00209687 -0.763872 0  }
{ -0.941658 2.50553 1.13339 1  }

フレーム番号112 : 
{ -0.763799 0.0158673 0.645259 0  }
{ 0.0109179 0.999872 -0.0116638 0  }
{ -0.645362 -0.0018639 -0.763875 0  }
{ -0.941833 2.50501 1.13358 1  }

フレーム番号113 : 
{ -0.763819 0.013884 0.645281 0  }
{ 0.00955329 0.999902 -0.0102059 0  }
{ -0.645359 -0.00163093 -0.763877 0  }
{ -0.942007 2.50448 1.13377 1  }

フレーム番号114 : 
{ -0.763837 0.0119007 0.6453 0  }
{ 0.0081886 0.999928 -0.00874801 0  }
{ -0.645357 -0.00139795 -0.76388 0  }
{ -0.942181 2.50395 1.13395 1  }

フレーム番号115 : 
{ -0.763852 0.00991732 0.645316 0  }
{ 0.00682389 0.99995 -0.00729006 0  }
{ -0.645356 -0.00116497 -0.763881 0  }
{ -0.942353 2.50342 1.13414 1  }

フレーム番号116 : 
{ -0.763864 0.00793391 0.645329 0  }
{ 0.00545914 0.999968 -0.00583209 0  }
{ -0.645354 -0.00093198 -0.763883 0  }
{ -0.942525 2.50289 1.13432 1  }

フレーム番号117 : 
{ -0.763873 0.00595046 0.645339 0  }
{ 0.00409438 0.999982 -0.00437408 0  }
{ -0.645353 -0.000698989 -0.763884 0  }
{ -0.942697 2.50236 1.1345 1  }

フレーム番号118 : 
{ -0.76388 0.00396698 0.645346 0  }
{ 0.00272959 0.999992 -0.00291607 0  }
{ -0.645352 -0.000465994 -0.763885 0  }
{ -0.942867 2.50183 1.13468 1  }

フレーム番号119 : 
{ -0.763884 0.0019835 0.64535 0  }
{ 0.0013648 0.999998 -0.00145804 0  }
{ -0.645352 -0.000232997 -0.763885 0  }
{ -0.943037 2.5013 1.13487 1  }

フレーム番号120 : 
{ -0.763886 9.95191e-33 0.645352 0  }
{ -4.93038e-32 1 -2.46519e-32 0  }
{ -0.645352 2.46519e-32 -0.763886 0  }
{ -0.943206 2.50077 1.13505 1  }

