
[MeshData]

ボーン番号 : 21

ボーン名 : {  }

オフセット行列 : 
{ -0.70253 8.60351e-17 0.711654 0  }
{ 2.09617e-16 1 8.60351e-17 0  }
{ -0.711654 2.09617e-16 -0.70253 0  }
{ -1.67476 2.30424 1.90595 1  }

アニメーション行列 : 
フレーム番号0 : 
{ -0.70253 6.55056e-16 0.711654 0  }
{ 5.50031e-16 1 -3.7749e-16 0  }
{ -0.711654 1.26234e-16 -0.70253 0  }
{ -1.67476 2.30424 1.90595 1  }

フレーム番号1 : 
{ -0.701606 -0.0492171 0.710863 0  }
{ -0.0378881 0.998777 0.0317563 0  }
{ -0.711557 -0.00465288 -0.702613 0  }
{ -1.66814 2.24246 1.90058 1  }

フレーム番号2 : 
{ -0.69904 -0.0956978 0.70865 0  }
{ -0.0743248 0.995361 0.0610991 0  }
{ -0.711209 -0.00995951 -0.70291 0  }
{ -1.66019 2.18032 1.89461 1  }

フレーム番号3 : 
{ -0.69513 -0.139464 0.705226 0  }
{ -0.109265 0.990101 0.0880999 0  }
{ -0.710532 -0.0158158 -0.703487 0  }
{ -1.65076 2.1179 1.88785 1  }

フレーム番号4 : 
{ -0.690155 -0.180568 0.700771 0  }
{ -0.142684 0.983314 0.112849 0  }
{ -0.709455 -0.0221055 -0.704404 0  }
{ -1.63972 2.05534 1.88009 1  }

フレーム番号5 : 
{ -0.684376 -0.219085 0.695436 0  }
{ -0.17457 0.975284 0.135452 0  }
{ -0.707922 -0.0287018 -0.705707 0  }
{ -1.62694 1.99279 1.87115 1  }

フレーム番号6 : 
{ -0.678028 -0.255108 0.689346 0  }
{ -0.204922 0.966262 0.15603 0  }
{ -0.705893 -0.0354696 -0.70743 0  }
{ -1.61232 1.93049 1.86085 1  }

フレーム番号7 : 
{ -0.671319 -0.288746 0.68261 0  }
{ -0.233745 0.956472 0.174712 0  }
{ -0.703345 -0.0422695 -0.709591 0  }
{ -1.59579 1.86868 1.84903 1  }

フレーム番号8 : 
{ -0.664429 -0.320117 0.675321 0  }
{ -0.26105 0.946112 0.191639 0  }
{ -0.700276 -0.0489617 -0.712191 0  }
{ -1.57733 1.80766 1.83559 1  }

フレーム番号9 : 
{ -0.657509 -0.349347 0.667562 0  }
{ -0.286848 0.935354 0.206959 0  }
{ -0.696707 -0.0554111 -0.715213 0  }
{ -1.55694 1.74775 1.82046 1  }

フレーム番号10 : 
{ -0.650678 -0.376562 0.659408 0  }
{ -0.311155 0.924348 0.220824 0  }
{ -0.692676 -0.0614926 -0.718623 0  }
{ -1.53471 1.68927 1.80361 1  }

フレーム番号11 : 
{ -0.644028 -0.401893 0.65093 0  }
{ -0.33399 0.913225 0.233389 0  }
{ -0.688243 -0.0670956 -0.722371 0  }
{ -1.51074 1.63256 1.78508 1  }

フレーム番号12 : 
{ -0.637618 -0.425467 0.6422 0  }
{ -0.355377 0.902095 0.244809 0  }
{ -0.683484 -0.0721284 -0.726393 0  }
{ -1.4852 1.57793 1.76496 1  }

フレーム番号13 : 
{ -0.631484 -0.447407 0.63329 0  }
{ -0.375343 0.891051 0.255238 0  }
{ -0.678488 -0.0765221 -0.730615 0  }
{ -1.45831 1.52567 1.7434 1  }

フレーム番号14 : 
{ -0.625633 -0.467832 0.624272 0  }
{ -0.393921 0.880168 0.264822 0  }
{ -0.673357 -0.0802327 -0.734951 0  }
{ -1.43031 1.47604 1.72057 1  }

フレーム番号15 : 
{ -0.620053 -0.486858 0.615226 0  }
{ -0.411153 0.869506 0.273702 0  }
{ -0.668196 -0.0832424 -0.739313 0  }
{ -1.4015 1.42922 1.69672 1  }

フレーム番号16 : 
{ -0.614711 -0.504592 0.606231 0  }
{ -0.427088 0.859108 0.28201 0  }
{ -0.663118 -0.0855599 -0.743609 0  }
{ -1.37219 1.38536 1.67211 1  }

フレーム番号17 : 
{ -0.609558 -0.521139 0.597372 0  }
{ -0.441782 0.849003 0.289865 0  }
{ -0.658231 -0.0872186 -0.747747 0  }
{ -1.3427 1.34456 1.64706 1  }

フレーム番号18 : 
{ -0.604531 -0.536598 0.588732 0  }
{ -0.455298 0.839208 0.297378 0  }
{ -0.653641 -0.0882743 -0.751639 0  }
{ -1.31337 1.30682 1.62188 1  }

フレーム番号19 : 
{ -0.599559 -0.551063 0.580396 0  }
{ -0.467705 0.829725 0.304644 0  }
{ -0.649447 -0.0888016 -0.755204 0  }
{ -1.28453 1.27214 1.59689 1  }

フレーム番号20 : 
{ -0.594561 -0.564626 0.572447 0  }
{ -0.479076 0.820547 0.311753 0  }
{ -0.645743 -0.0888895 -0.758363 0  }
{ -1.2565 1.24042 1.57245 1  }

フレーム番号21 : 
{ -0.625601 -0.506029 0.593767 0  }
{ -0.437038 0.857784 0.270564 0  }
{ -0.646237 -0.0902335 -0.757784 0  }
{ -1.30533 1.26566 1.61387 1  }

フレーム番号22 : 
{ -0.660987 -0.429296 0.615468 0  }
{ -0.383822 0.898198 0.214294 0  }
{ -0.644807 -0.0945841 -0.75847 0  }
{ -1.36442 1.30038 1.66448 1  }

フレーム番号23 : 
{ -0.696656 -0.334886 0.634445 0  }
{ -0.319396 0.936663 0.143694 0  }
{ -0.642383 -0.102534 -0.759494 0  }
{ -1.43132 1.34696 1.72207 1  }

フレーム番号24 : 
{ -0.72839 -0.224083 0.647483 0  }
{ -0.244363 0.967823 0.0600502 0  }
{ -0.640105 -0.114481 -0.75971 0  }
{ -1.50323 1.4075 1.78415 1  }

フレーム番号25 : 
{ -0.752118 -0.0992434 0.651513 0  }
{ -0.160173 0.986481 -0.0346382 0  }
{ -0.639267 -0.130407 -0.757847 0  }
{ -1.57699 1.48345 1.84794 1  }

フレーム番号26 : 
{ -0.764261 0.0361219 0.643894 0  }
{ -0.0692196 0.988068 -0.137589 0  }
{ -0.641181 -0.149724 -0.752642 0  }
{ -1.64925 1.57539 1.91051 1  }

フレーム番号27 : 
{ -0.762067 0.177463 0.622704 0  }
{ 0.0252344 0.969117 -0.245305 0  }
{ -0.647006 -0.171225 -0.743011 0  }
{ -1.71666 1.68281 1.96895 1  }

フレーム番号28 : 
{ -0.7439 0.319497 0.586971 0  }
{ 0.119287 0.927692 -0.353777 0  }
{ -0.657559 -0.193157 -0.728222 0  }
{ -1.77609 1.80404 2.02055 1  }

フレーム番号29 : 
{ -0.709425 0.456656 0.536826 0  }
{ 0.208765 0.863666 -0.4588 0  }
{ -0.673152 -0.213414 -0.70804 0  }
{ -1.82494 1.93637 2.06306 1  }

フレーム番号30 : 
{ -0.65965 0.58363 0.473537 0  }
{ 0.289671 0.778815 -0.556362 0  }
{ -0.693507 -0.229834 -0.682806 0  }
{ -1.86136 2.0762 2.09487 1  }

フレーム番号31 : 
{ -0.596819 0.6959 0.399412 0  }
{ 0.358652 0.67666 -0.64304 0  }
{ -0.717758 -0.240528 -0.653429 0  }
{ -1.88439 2.21937 2.11516 1  }

フレーム番号32 : 
{ -0.524155 0.790192 0.317582 0  }
{ 0.413389 0.562111 -0.716338 0  }
{ -0.744561 -0.244187 -0.62129 0  }
{ -1.89408 2.36155 2.12394 1  }

フレーム番号33 : 
{ -0.445515 0.864772 0.231702 0  }
{ 0.452865 0.440934 -0.774913 0  }
{ -0.772289 -0.240305 -0.588068 0  }
{ -1.89145 2.49858 2.1221 1  }

フレーム番号34 : 
{ -0.364997 0.919549 0.145624 0  }
{ 0.477448 0.319158 -0.818647 0  }
{ -0.799263 -0.229276 -0.555528 0  }
{ -1.87835 2.62682 2.11121 1  }

フレーム番号35 : 
{ -0.28657 0.95598 0.0630788 0  }
{ 0.488801 0.202517 -0.848564 0  }
{ -0.823985 -0.21234 -0.52532 0  }
{ -1.85731 2.7434 2.09344 1  }

フレーム番号36 : 
{ -0.213789 0.976799 -0.0125635 0  }
{ 0.489643 0.0960201 -0.86662 0  }
{ -0.845307 -0.191425 -0.498811 0  }
{ -1.83126 2.84626 2.0713 1  }

フレーム番号37 : 
{ -0.149617 0.985628 -0.0784402 0  }
{ 0.483399 0.00371195 -0.875392 0  }
{ -0.86252 -0.168891 -0.477007 0  }
{ -1.80329 2.93421 2.04748 1  }

フレーム番号38 : 
{ -0.0963908 0.986522 -0.132226 0  }
{ 0.473806 -0.0713502 -0.877734 0  }
{ -0.875338 -0.147255 -0.460542 0  }
{ -1.77647 3.00668 2.02459 1  }

フレーム番号39 : 
{ -0.0559009 0.983499 -0.172058 0  }
{ 0.464524 -0.126921 -0.876418 0  }
{ -0.883794 -0.128918 -0.449764 0  }
{ -1.75364 3.06353 2.0051 1  }

フレーム番号40 : 
{ -0.0295662 0.980081 -0.196384 0  }
{ 0.45877 -0.161248 -0.873801 0  }
{ -0.888063 -0.11593 -0.444864 0  }
{ -1.73729 3.1047 1.99113 1  }

フレーム番号41 : 
{ -0.0210729 0.979374 -0.200953 0  }
{ 0.459011 -0.169084 -0.872192 0  }
{ -0.88818 -0.110619 -0.445981 0  }
{ -1.73012 3.12963 1.98566 1  }

フレーム番号42 : 
{ -0.0320915 0.982444 -0.183776 0  }
{ 0.465632 -0.148003 -0.872515 0  }
{ -0.884396 -0.113572 -0.452708 0  }
{ -1.733 3.1386 1.98998 1  }

フレーム番号43 : 
{ -0.0605231 0.987274 -0.147059 0  }
{ 0.476798 -0.100839 -0.87321 0  }
{ -0.876927 -0.122967 -0.464627 0  }
{ -1.74446 3.13264 2.00257 1  }

フレーム番号44 : 
{ -0.104264 0.990192 -0.0930006 0  }
{ 0.489442 -0.030317 -0.871509 0  }
{ -0.86578 -0.136385 -0.481481 0  }
{ -1.7624 3.11208 2.02133 1  }

フレーム番号45 : 
{ -0.160936 0.98667 -0.0241012 0  }
{ 0.499848 0.0604256 -0.864003 0  }
{ -0.85103 -0.151096 -0.50291 0  }
{ -1.78427 3.07706 2.0437 1  }

フレーム番号46 : 
{ -0.227665 0.972093 0.0565951 0  }
{ 0.504205 0.167409 -0.847202 0  }
{ -0.833034 -0.164343 -0.528248 0  }
{ -1.80727 3.028 2.06686 1  }

フレーム番号47 : 
{ -0.30099 0.942478 0.145397 0  }
{ 0.499154 0.285617 -0.818088 0  }
{ -0.812558 -0.173661 -0.556409 0  }
{ -1.82854 2.96595 2.08793 1  }

フレーム番号48 : 
{ -0.376956 0.895118 0.238049 0  }
{ 0.48228 0.409104 -0.774622 0  }
{ -0.790765 -0.177192 -0.585912 0  }
{ -1.84542 2.89281 2.10421 1  }

フレーム番号49 : 
{ -0.45138 0.829069 0.330001 0  }
{ 0.452491 0.531407 -0.716142 0  }
{ -0.769095 -0.17393 -0.615013 0  }
{ -1.85575 2.81137 2.1135 1  }

フレーム番号50 : 
{ -0.520245 0.745393 0.416815 0  }
{ 0.410206 0.64618 -0.64357 0  }
{ -0.74905 -0.163834 -0.641937 0  }
{ -1.85804 2.72516 2.11429 1  }

フレーム番号51 : 
{ -0.580149 0.64712 0.494634 0  }
{ 0.357327 0.747927 -0.559395 0  }
{ -0.731946 -0.147787 -0.665142 0  }
{ -1.85172 2.63815 2.10599 1  }

フレーム番号52 : 
{ -0.628709 0.53893 0.560607 0  }
{ 0.296977 0.832664 -0.467413 0  }
{ -0.7187 -0.127379 -0.683553 0  }
{ -1.83717 2.55439 2.08901 1  }

フレーム番号53 : 
{ -0.664831 0.426613 0.61319 0  }
{ 0.233087 0.898367 -0.372301 0  }
{ -0.709697 -0.10459 -0.6967 0  }
{ -1.81568 2.47757 2.06471 1  }

フレーム番号54 : 
{ -0.688796 0.316439 0.652247 0  }
{ 0.169901 0.945111 -0.279102 0  }
{ -0.704765 -0.0814275 -0.704753 0  }
{ -1.78928 2.41077 2.03522 1  }

フレーム番号55 : 
{ -0.702137 0.214561 0.678946 0  }
{ 0.111522 0.974889 -0.192754 0  }
{ -0.703254 -0.0596224 -0.708434 0  }
{ -1.76053 2.35625 2.00324 1  }

フレーム番号56 : 
{ -0.707329 0.126565 0.695462 0  }
{ 0.0615931 0.991134 -0.11773 0  }
{ -0.704196 -0.040438 -0.708853 0  }
{ -1.73224 2.31544 1.97175 1  }

フレーム番号57 : 
{ -0.707354 0.0572662 0.704535 0  }
{ 0.0231545 0.998055 -0.057877 0  }
{ -0.70648 -0.0246264 -0.707305 0  }
{ -1.70721 2.28918 1.94375 1  }

フレーム番号58 : 
{ -0.705177 0.0107373 0.70895 0  }
{ -0.00131018 0.999864 -0.0164465 0  }
{ -0.70903 -0.0125266 -0.705067 0  }
{ -1.68799 2.27799 1.92201 1  }

フレーム番号59 : 
{ -0.703175 -0.00946398 0.710954 0  }
{ -0.00968708 0.999946 0.00372986 0  }
{ -0.710951 -0.00426433 -0.703228 0  }
{ -1.67669 2.28257 1.90885 1  }

フレーム番号60 : 
{ -0.70253 -1.96022e-33 0.711654 0  }
{ -5.54668e-32 1 2.77334e-32 0  }
{ -0.711654 -4.31408e-32 -0.70253 0  }
{ -1.67476 2.30424 1.90595 1  }

フレーム番号61 : 
{ -0.701554 -0.0505625 0.71082 0  }
{ -0.0385765 0.998712 0.0329673 0  }
{ -0.711571 -0.00429255 -0.702601 0  }
{ -1.66757 2.24289 1.89981 1  }

フレーム番号62 : 
{ -0.698629 -0.100995 0.70832 0  }
{ -0.0770535 0.99485 0.0658497 0  }
{ -0.711323 -0.00857405 -0.702813 0  }
{ -1.65802 2.1821 1.89165 1  }

フレーム番号63 : 
{ -0.693762 -0.151167 0.704161 0  }
{ -0.115332 0.988425 0.0985624 0  }
{ -0.71091 -0.0128335 -0.703166 0  }
{ -1.64614 2.12203 1.8815 1  }

フレーム番号64 : 
{ -0.686966 -0.200949 0.698353 0  }
{ -0.153313 0.979453 0.131021 0  }
{ -0.710333 -0.0170598 -0.703659 0  }
{ -1.63196 2.06282 1.86938 1  }

フレーム番号65 : 
{ -0.678258 -0.250214 0.690911 0  }
{ -0.1909 0.967958 0.163142 0  }
{ -0.709593 -0.0212422 -0.704291 0  }
{ -1.61552 2.00464 1.85532 1  }

フレーム番号66 : 
{ -0.667661 -0.298834 0.681855 0  }
{ -0.227994 0.953968 0.194843 0  }
{ -0.708694 -0.0253698 -0.70506 0  }
{ -1.59685 1.94763 1.83937 1  }

フレーム番号67 : 
{ -0.655203 -0.346684 0.671208 0  }
{ -0.264501 0.93752 0.226042 0  }
{ -0.707636 -0.0294321 -0.705964 0  }
{ -1.576 1.89195 1.82155 1  }

フレーム番号68 : 
{ -0.640914 -0.39364 0.658997 0  }
{ -0.300327 0.918657 0.256658 0  }
{ -0.706423 -0.0334185 -0.707001 0  }
{ -1.55304 1.83772 1.80193 1  }

フレーム番号69 : 
{ -0.624832 -0.439583 0.645253 0  }
{ -0.335378 0.897426 0.286613 0  }
{ -0.705058 -0.0373189 -0.708167 0  }
{ -1.52801 1.7851 1.78054 1  }

フレーム番号70 : 
{ -0.606999 -0.484392 0.630013 0  }
{ -0.369566 0.873884 0.31583 0  }
{ -0.703544 -0.041123 -0.709461 0  }
{ -1.50098 1.73421 1.75744 1  }

フレーム番号71 : 
{ -0.58746 -0.527954 0.613315 0  }
{ -0.402801 0.848089 0.344232 0  }
{ -0.701885 -0.0448212 -0.710879 0  }
{ -1.47203 1.6852 1.7327 1  }

フレーム番号72 : 
{ -0.566266 -0.570155 0.595203 0  }
{ -0.434998 0.82011 0.371748 0  }
{ -0.700086 -0.048404 -0.712416 0  }
{ -1.44122 1.63818 1.70637 1  }

フレーム番号73 : 
{ -0.543471 -0.610888 0.575722 0  }
{ -0.466075 0.790017 0.398306 0  }
{ -0.69815 -0.051862 -0.71407 0  }
{ -1.40864 1.59328 1.67852 1  }

フレーム番号74 : 
{ -0.519134 -0.650046 0.554924 0  }
{ -0.49595 0.757888 0.423838 0  }
{ -0.696084 -0.0551863 -0.715836 0  }
{ -1.37437 1.55061 1.64924 1  }

フレーム番号75 : 
{ -0.493318 -0.687529 0.532862 0  }
{ -0.524548 0.723807 0.448277 0  }
{ -0.693893 -0.0583685 -0.717709 0  }
{ -1.33849 1.51028 1.61858 1  }

フレーム番号76 : 
{ -0.466089 -0.723241 0.509592 0  }
{ -0.551794 0.687861 0.471562 0  }
{ -0.691581 -0.0614003 -0.719684 0  }
{ -1.30111 1.4724 1.58663 1  }

フレーム番号77 : 
{ -0.437518 -0.757089 0.485175 0  }
{ -0.577619 0.650142 0.493631 0  }
{ -0.689155 -0.0642739 -0.721757 0  }
{ -1.26231 1.43707 1.55347 1  }

フレーム番号78 : 
{ -0.407677 -0.788986 0.459674 0  }
{ -0.601955 0.610749 0.514428 0  }
{ -0.686622 -0.0669819 -0.723922 0  }
{ -1.2222 1.40437 1.5192 1  }

フレーム番号79 : 
{ -0.376645 -0.818851 0.433153 0  }
{ -0.62474 0.569781 0.5339 0  }
{ -0.683988 -0.0695172 -0.726174 0  }
{ -1.18088 1.37438 1.48389 1  }

フレーム番号80 : 
{ -0.344501 -0.846605 0.405683 0  }
{ -0.645915 0.527346 0.551997 0  }
{ -0.681259 -0.0718735 -0.728506 0  }
{ -1.13846 1.3472 1.44763 1  }

フレーム番号81 : 
{ -0.360638 -0.833055 0.419474 0  }
{ -0.635577 0.54865 0.543162 0  }
{ -0.682629 -0.0707232 -0.727335 0  }
{ -1.15971 1.36038 1.46579 1  }

フレーム番号82 : 
{ -0.376511 -0.818973 0.433039 0  }
{ -0.624833 0.569604 0.53398 0  }
{ -0.683976 -0.0695276 -0.726184 0  }
{ -1.1807 1.37426 1.48373 1  }

フレーム番号83 : 
{ -0.392107 -0.804368 0.446367 0  }
{ -0.61369 0.590194 0.524458 0  }
{ -0.6853 -0.0682877 -0.725052 0  }
{ -1.20142 1.38884 1.50144 1  }

フレーム番号84 : 
{ -0.407418 -0.789249 0.459452 0  }
{ -0.602155 0.610407 0.5146 0  }
{ -0.6866 -0.0670042 -0.723941 0  }
{ -1.22186 1.4041 1.5189 1  }

フレーム番号85 : 
{ -0.422434 -0.773626 0.472285 0  }
{ -0.590235 0.63023 0.504413 0  }
{ -0.687875 -0.0656778 -0.722852 0  }
{ -1.24199 1.42003 1.53611 1  }

フレーム番号86 : 
{ -0.437145 -0.757508 0.484856 0  }
{ -0.577939 0.64965 0.493904 0  }
{ -0.689124 -0.0643095 -0.721784 0  }
{ -1.26181 1.43663 1.55304 1  }

フレーム番号87 : 
{ -0.451541 -0.740907 0.497159 0  }
{ -0.565273 0.668656 0.48308 0  }
{ -0.690346 -0.0629001 -0.72074 0  }
{ -1.2813 1.45388 1.5697 1  }

フレーム番号88 : 
{ -0.465614 -0.723832 0.509186 0  }
{ -0.552245 0.687234 0.471947 0  }
{ -0.691541 -0.0614505 -0.719719 0  }
{ -1.30046 1.47178 1.58608 1  }

フレーム番号89 : 
{ -0.479354 -0.706295 0.520929 0  }
{ -0.538866 0.705373 0.460513 0  }
{ -0.692707 -0.0599617 -0.718722 0  }
{ -1.31927 1.49031 1.60215 1  }

フレーム番号90 : 
{ -0.492753 -0.688307 0.532379 0  }
{ -0.525142 0.723062 0.448784 0  }
{ -0.693845 -0.0584346 -0.71775 0  }
{ -1.33771 1.50945 1.61791 1  }

フレーム番号91 : 
{ -0.505802 -0.669879 0.543531 0  }
{ -0.511082 0.740289 0.436769 0  }
{ -0.694953 -0.0568701 -0.716803 0  }
{ -1.35578 1.5292 1.63336 1  }

フレーム番号92 : 
{ -0.518493 -0.651023 0.554377 0  }
{ -0.496696 0.757043 0.424475 0  }
{ -0.69603 -0.0552693 -0.715882 0  }
{ -1.37347 1.54955 1.64847 1  }

フレーム番号93 : 
{ -0.530818 -0.631752 0.564909 0  }
{ -0.481993 0.773313 0.41191 0  }
{ -0.697076 -0.0536332 -0.714988 0  }
{ -1.39076 1.57048 1.66325 1  }

フレーム番号94 : 
{ -0.542768 -0.612076 0.575122 0  }
{ -0.466982 0.78909 0.399081 0  }
{ -0.698091 -0.0519629 -0.714121 0  }
{ -1.40764 1.59197 1.67767 1  }

フレーム番号95 : 
{ -0.554337 -0.59201 0.585008 0  }
{ -0.451672 0.804362 0.385998 0  }
{ -0.699073 -0.0502593 -0.713282 0  }
{ -1.42411 1.61403 1.69174 1  }

フレーム番号96 : 
{ -0.565516 -0.571566 0.594562 0  }
{ -0.436074 0.81912 0.372668 0  }
{ -0.700022 -0.0485237 -0.712471 0  }
{ -1.44014 1.63662 1.70545 1  }

フレーム番号97 : 
{ -0.576299 -0.550756 0.603777 0  }
{ -0.420198 0.833355 0.3591 0  }
{ -0.700937 -0.046757 -0.711689 0  }
{ -1.45574 1.65973 1.71877 1  }

フレーム番号98 : 
{ -0.586679 -0.529595 0.612648 0  }
{ -0.404053 0.847058 0.345302 0  }
{ -0.701819 -0.0449605 -0.710935 0  }
{ -1.47088 1.68336 1.73172 1  }

フレーム番号99 : 
{ -0.596649 -0.508095 0.621168 0  }
{ -0.38765 0.86022 0.331284 0  }
{ -0.702665 -0.0431353 -0.710212 0  }
{ -1.48557 1.70749 1.74427 1  }

フレーム番号100 : 
{ -0.606202 -0.486271 0.629332 0  }
{ -0.370999 0.872832 0.317054 0  }
{ -0.703476 -0.0412825 -0.709519 0  }
{ -1.49979 1.73209 1.75642 1  }

フレーム番号101 : 
{ -0.61541 -0.463946 0.637201 0  }
{ -0.353966 0.884988 0.302498 0  }
{ -0.704258 -0.0393872 -0.708851 0  }
{ -1.51365 1.75738 1.76827 1  }

フレーム番号102 : 
{ -0.624182 -0.441319 0.644697 0  }
{ -0.336703 0.896568 0.287745 0  }
{ -0.705002 -0.0374663 -0.708215 0  }
{ -1.52701 1.78312 1.77969 1  }

フレーム番号103 : 
{ -0.632512 -0.418406 0.651817 0  }
{ -0.319221 0.907565 0.272805 0  }
{ -0.70571 -0.035521 -0.70761 0  }
{ -1.53987 1.8093 1.79068 1  }

フレーム番号104 : 
{ -0.640396 -0.39522 0.658554 0  }
{ -0.301532 0.917973 0.257688 0  }
{ -0.706379 -0.0335527 -0.707038 0  }
{ -1.55222 1.8359 1.80123 1  }

フレーム番号105 : 
{ -0.647828 -0.371778 0.664906 0  }
{ -0.283647 0.927785 0.242404 0  }
{ -0.70701 -0.0315625 -0.706499 0  }
{ -1.56405 1.86291 1.81134 1  }

フレーム番号106 : 
{ -0.654804 -0.348095 0.670867 0  }
{ -0.265578 0.936993 0.226962 0  }
{ -0.707602 -0.0295519 -0.705993 0  }
{ -1.57535 1.89031 1.821 1  }

フレーム番号107 : 
{ -0.661318 -0.324185 0.676434 0  }
{ -0.247336 0.945593 0.211372 0  }
{ -0.708155 -0.027522 -0.70552 0  }
{ -1.58612 1.91808 1.8302 1  }

フレーム番号108 : 
{ -0.667367 -0.300064 0.681603 0  }
{ -0.228933 0.953579 0.195646 0  }
{ -0.708669 -0.0254743 -0.705081 0  }
{ -1.59634 1.9462 1.83894 1  }

フレーム番号109 : 
{ -0.672946 -0.275749 0.686372 0  }
{ -0.210382 0.960945 0.179792 0  }
{ -0.709142 -0.02341 -0.704677 0  }
{ -1.60602 1.97465 1.84721 1  }

フレーム番号110 : 
{ -0.678053 -0.251254 0.690736 0  }
{ -0.191694 0.967686 0.163821 0  }
{ -0.709576 -0.0213305 -0.704306 0  }
{ -1.61514 2.00342 1.855 1  }

フレーム番号111 : 
{ -0.682683 -0.226597 0.694693 0  }
{ -0.172881 0.973799 0.147744 0  }
{ -0.709969 -0.0192372 -0.70397 0  }
{ -1.62371 2.03248 1.86232 1  }

フレーム番号112 : 
{ -0.686834 -0.201792 0.69824 0  }
{ -0.153956 0.979279 0.131571 0  }
{ -0.710321 -0.0171313 -0.703669 0  }
{ -1.6317 2.06183 1.86916 1  }

フレーム番号113 : 
{ -0.690503 -0.176855 0.701376 0  }
{ -0.134931 0.984122 0.115312 0  }
{ -0.710633 -0.0150143 -0.703403 0  }
{ -1.63913 2.09143 1.8755 1  }

フレーム番号114 : 
{ -0.693688 -0.151804 0.704097 0  }
{ -0.115819 0.988327 0.0989782 0  }
{ -0.710903 -0.0128876 -0.703172 0  }
{ -1.64598 2.12127 1.88135 1  }

フレーム番号115 : 
{ -0.696386 -0.126655 0.706403 0  }
{ -0.0966307 0.991889 0.0825803 0  }
{ -0.711132 -0.0107525 -0.702976 0  }
{ -1.65225 2.15133 1.88671 1  }

フレーム番号116 : 
{ -0.698596 -0.101423 0.708292 0  }
{ -0.07738 0.994806 0.0661287 0  }
{ -0.71132 -0.00861038 -0.702816 0  }
{ -1.65793 2.18159 1.89157 1  }

フレーム番号117 : 
{ -0.700316 -0.0761246 0.709762 0  }
{ -0.0580791 0.997077 0.0496342 0  }
{ -0.711466 -0.00646268 -0.702691 0  }
{ -1.66303 2.21203 1.89593 1  }

フレーム番号118 : 
{ -0.701546 -0.0507773 0.710813 0  }
{ -0.0387403 0.998701 0.0331074 0  }
{ -0.71157 -0.00431079 -0.702602 0  }
{ -1.66753 2.24263 1.89978 1  }

フレーム番号119 : 
{ -0.702284 -0.0253969 0.711444 0  }
{ -0.0193765 0.999675 0.0165591 0  }
{ -0.711633 -0.0021561 -0.702548 0  }
{ -1.67144 2.27338 1.90312 1  }

フレーム番号120 : 
{ -0.70253 -1.96022e-33 0.711654 0  }
{ -5.54668e-32 1 2.77334e-32 0  }
{ -0.711654 -4.31408e-32 -0.70253 0  }
{ -1.67476 2.30424 1.90595 1  }

