
[MeshData]

ボーン番号 : 19

ボーン名 : {  }

オフセット行列 : 
{ -0.702345 8.60125e-17 0.711836 0  }
{ 2.0964e-16 1 8.60125e-17 0  }
{ -0.711836 2.0964e-16 -0.702345 0  }
{ -1.19716 2.88078 1.41686 1  }

アニメーション行列 : 
フレーム番号0 : 
{ -0.702345 6.36615e-16 0.711836 0  }
{ 5.09499e-16 1 -3.91622e-16 0  }
{ -0.711836 8.76261e-17 -0.702345 0  }
{ -1.19716 2.88078 1.41686 1  }

フレーム番号1 : 
{ -0.701369 -0.050574 0.711002 0  }
{ -0.038843 0.998709 0.032722 0  }
{ -0.711739 -0.00466719 -0.702429 0  }
{ -1.21329 2.85236 1.43062 1  }

フレーム番号2 : 
{ -0.698452 -0.100965 0.708499 0  }
{ -0.0780285 0.99484 0.0648474 0  }
{ -0.71139 -0.0099903 -0.702726 0  }
{ -1.22895 2.82118 1.44393 1  }

フレーム番号3 : 
{ -0.693632 -0.150926 0.704341 0  }
{ -0.117321 0.988418 0.0962605 0  }
{ -0.710711 -0.0158649 -0.703305 0  }
{ -1.24382 2.78738 1.4565 1  }

フレーム番号4 : 
{ -0.686975 -0.20022 0.698554 0  }
{ -0.15649 0.9795 0.126849 0  }
{ -0.709631 -0.0221745 -0.704224 0  }
{ -1.25755 2.75112 1.46807 1  }

フレーム番号5 : 
{ -0.678571 -0.248615 0.691181 0  }
{ -0.195306 0.968174 0.156506 0  }
{ -0.708094 -0.0287919 -0.705531 0  }
{ -1.26983 2.71265 1.47838 1  }

フレーム番号6 : 
{ -0.668532 -0.295896 0.682283 0  }
{ -0.233552 0.954557 0.185133 0  }
{ -0.706059 -0.0355818 -0.707259 0  }
{ -1.2804 2.67226 1.4872 1  }

フレーム番号7 : 
{ -0.656988 -0.34186 0.671937 0  }
{ -0.271017 0.938794 0.212641 0  }
{ -0.703503 -0.0424043 -0.709426 0  }
{ -1.289 2.63026 1.49433 1  }

フレーム番号8 : 
{ -0.644084 -0.386322 0.660235 0  }
{ -0.307504 0.921055 0.238953 0  }
{ -0.700426 -0.0491193 -0.712033 0  }
{ -1.29545 2.58706 1.49961 1  }

フレーム番号9 : 
{ -0.629978 -0.429117 0.647291 0  }
{ -0.34283 0.901536 0.264008 0  }
{ -0.696847 -0.0555916 -0.715062 0  }
{ -1.29961 2.54306 1.50295 1  }

フレーム番号10 : 
{ -0.614836 -0.4701 0.633232 0  }
{ -0.376826 0.880454 0.287755 0  }
{ -0.692805 -0.0616956 -0.718481 0  }
{ -1.30142 2.49868 1.50429 1  }

フレーム番号11 : 
{ -0.598832 -0.509146 0.6182 0  }
{ -0.409343 0.858043 0.310162 0  }
{ -0.68836 -0.0673206 -0.722239 0  }
{ -1.30087 2.45438 1.50362 1  }

フレーム番号12 : 
{ -0.582141 -0.546153 0.602353 0  }
{ -0.440251 0.834553 0.331211 0  }
{ -0.683587 -0.0723747 -0.726272 0  }
{ -1.29801 2.41057 1.501 1  }

フレーム番号13 : 
{ -0.564942 -0.58104 0.585861 0  }
{ -0.469439 0.810245 0.350899 0  }
{ -0.678578 -0.0767886 -0.730504 0  }
{ -1.29296 2.36766 1.49653 1  }

フレーム番号14 : 
{ -0.547413 -0.613746 0.568907 0  }
{ -0.496819 0.785387 0.369239 0  }
{ -0.673431 -0.0805183 -0.734852 0  }
{ -1.28592 2.32602 1.49038 1  }

フレーム番号15 : 
{ -0.529729 -0.644231 0.551683 0  }
{ -0.522322 0.760254 0.386255 0  }
{ -0.668256 -0.0835459 -0.739225 0  }
{ -1.27709 2.28596 1.48272 1  }

フレーム番号16 : 
{ -0.512064 -0.672475 0.534386 0  }
{ -0.5459 0.735121 0.401984 0  }
{ -0.663162 -0.0858799 -0.743532 0  }
{ -1.26675 2.24776 1.4738 1  }

フレーム番号17 : 
{ -0.494584 -0.698475 0.517223 0  }
{ -0.567522 0.710259 0.416475 0  }
{ -0.65826 -0.0875535 -0.747682 0  }
{ -1.25521 2.2116 1.46387 1  }

フレーム番号18 : 
{ -0.477452 -0.722244 0.500403 0  }
{ -0.587175 0.685937 0.429785 0  }
{ -0.653655 -0.0886225 -0.751586 0  }
{ -1.24277 2.17763 1.45319 1  }

フレーム番号19 : 
{ -0.460825 -0.74381 0.484136 0  }
{ -0.604863 0.662418 0.441977 0  }
{ -0.649447 -0.0891616 -0.755161 0  }
{ -1.22977 2.14595 1.44205 1  }

フレーム番号20 : 
{ -0.444851 -0.763212 0.468631 0  }
{ -0.620597 0.639953 0.453121 0  }
{ -0.645729 -0.0892596 -0.758331 0  }
{ -1.21653 2.11657 1.43073 1  }

フレーム番号21 : 
{ -0.476962 -0.72691 0.494074 0  }
{ -0.594036 0.680915 0.42834 0  }
{ -0.647788 -0.0891956 -0.756581 0  }
{ -1.22368 2.13162 1.43685 1  }

フレーム番号22 : 
{ -0.514737 -0.678697 0.523847 0  }
{ -0.558503 0.729021 0.395731 0  }
{ -0.650477 -0.0888726 -0.754309 0  }
{ -1.23177 2.14863 1.4438 1  }

フレーム番号23 : 
{ -0.555738 -0.618143 0.555927 0  }
{ -0.513635 0.781099 0.355054 0  }
{ -0.653708 -0.0882266 -0.751586 0  }
{ -1.24052 2.16757 1.45134 1  }

フレーム番号24 : 
{ -0.597373 -0.545156 0.588175 0  }
{ -0.45933 0.833788 0.306291 0  }
{ -0.65739 -0.0871963 -0.748489 0  }
{ -1.24963 2.18839 1.45921 1  }

フレーム番号25 : 
{ -0.637019 -0.460165 0.618429 0  }
{ -0.395885 0.883685 0.249753 0  }
{ -0.661424 -0.0857289 -0.745096 0  }
{ -1.25882 2.21102 1.46719 1  }

フレーム番号26 : 
{ -0.672161 -0.364229 0.644621 0  }
{ -0.324082 0.927533 0.186154 0  }
{ -0.66571 -0.0837848 -0.741492 0  }
{ -1.26781 2.23533 1.47501 1  }

フレーム番号27 : 
{ -0.700551 -0.25907 0.664914 0  }
{ -0.245216 0.962427 0.116631 0  }
{ -0.670147 -0.0813418 -0.737758 0  }
{ -1.27633 2.26116 1.48248 1  }

フレーム番号28 : 
{ -0.72037 -0.147023 0.677829 0  }
{ -0.161052 0.986021 0.0427106 0  }
{ -0.674633 -0.0783983 -0.733978 0  }
{ -1.28415 2.28831 1.48937 1  }

フレーム番号29 : 
{ -0.73036 -0.0309121 0.682362 0  }
{ -0.0737331 0.996706 -0.0337672 0  }
{ -0.679071 -0.0749749 -0.730234 0  }
{ -1.29106 2.31653 1.49552 1  }

フレーム番号30 : 
{ -0.72993 0.0861403 0.678073 0  }
{ 0.0143686 0.993742 -0.110775 0  }
{ -0.683371 -0.0711147 -0.726599 0  }
{ -1.29691 2.34551 1.50079 1  }

フレーム番号31 : 
{ -0.719196 0.200942 0.665116 0  }
{ 0.100825 0.977317 -0.18624 0  }
{ -0.687453 -0.0668826 -0.723143 0  }
{ -1.30159 2.37494 1.50509 1  }

フレーム番号32 : 
{ -0.698975 0.310466 0.64424 0  }
{ 0.183334 0.948537 -0.2582 0  }
{ -0.691247 -0.0623641 -0.719922 0  }
{ -1.30504 2.40447 1.50835 1  }

フレーム番号33 : 
{ -0.670709 0.41207 0.616723 0  }
{ 0.259887 0.909326 -0.324939 0  }
{ -0.6947 -0.0576618 -0.716985 0  }
{ -1.30726 2.43374 1.51057 1  }

フレーム番号34 : 
{ -0.636352 0.503659 0.58428 0  }
{ 0.328892 0.862282 -0.385097 0  }
{ -0.697772 -0.0528921 -0.714364 0  }
{ -1.30831 2.46238 1.51178 1  }

フレーム番号35 : 
{ -0.598218 0.583784 0.548936 0  }
{ 0.389254 0.810478 -0.437729 0  }
{ -0.70044 -0.0481819 -0.712083 0  }
{ -1.30828 2.49004 1.51205 1  }

フレーム番号36 : 
{ -0.558824 0.651659 0.512891 0  }
{ 0.44038 0.757254 -0.482318 0  }
{ -0.702696 -0.0436641 -0.71015 0  }
{ -1.30731 2.51638 1.5115 1  }

フレーム番号37 : 
{ -0.520734 0.707093 0.478388 0  }
{ 0.482135 0.706018 -0.518734 0  }
{ -0.704544 -0.0394743 -0.708562 0  }
{ -1.30559 2.54109 1.51027 1  }

フレーム番号38 : 
{ -0.486431 0.750354 0.447608 0  }
{ 0.514732 0.660069 -0.547138 0  }
{ -0.706 -0.0357472 -0.707309 0  }
{ -1.30331 2.56386 1.5085 1  }

フレーム番号39 : 
{ -0.458216 0.781966 0.422573 0  }
{ 0.538579 0.622468 -0.567862 0  }
{ -0.707087 -0.0326145 -0.706374 0  }
{ -1.30069 2.58444 1.50638 1  }

フレーム番号40 : 
{ -0.438128 0.802464 0.405086 0  }
{ 0.554094 0.595935 -0.581241 0  }
{ -0.70783 -0.030202 -0.705737 0  }
{ -1.29794 2.60257 1.50407 1  }

フレーム番号41 : 
{ -0.428375 0.811346 0.397759 0  }
{ 0.560987 0.583883 -0.586834 0  }
{ -0.70837 -0.0282474 -0.705276 0  }
{ -1.29505 2.61923 1.50159 1  }

フレーム番号42 : 
{ -0.429596 0.80877 0.40167 0  }
{ 0.559472 0.58753 -0.584636 0  }
{ -0.708829 -0.0264341 -0.704885 0  }
{ -1.29194 2.63532 1.49891 1  }

フレーム番号43 : 
{ -0.4405 0.795834 0.415461 0  }
{ 0.550425 0.605009 -0.575323 0  }
{ -0.709219 -0.0247498 -0.704553 0  }
{ -1.28861 2.6509 1.49603 1  }

フレーム番号44 : 
{ -0.459442 0.773017 0.437444 0  }
{ 0.534273 0.633962 -0.559147 0  }
{ -0.709553 -0.0231807 -0.704271 0  }
{ -1.28508 2.66602 1.49296 1  }

フレーム番号45 : 
{ -0.484542 0.740499 0.465704 0  }
{ 0.511221 0.671707 -0.536155 0  }
{ -0.709839 -0.021712 -0.704029 0  }
{ -1.28136 2.68071 1.48972 1  }

フレーム番号46 : 
{ -0.513786 0.69845 0.498188 0  }
{ 0.481456 0.71537 -0.506404 0  }
{ -0.710087 -0.0203282 -0.703821 0  }
{ -1.27745 2.69503 1.48631 1  }

フレーム番号47 : 
{ -0.545129 0.647268 0.532803 0  }
{ 0.445312 0.762026 -0.470121 0  }
{ -0.710304 -0.0190129 -0.703638 0  }
{ -1.27334 2.70903 1.48273 1  }

フレーム番号48 : 
{ -0.576602 0.587745 0.567527 0  }
{ 0.403392 0.808851 -0.427825 0  }
{ -0.710497 -0.0177492 -0.703476 0  }
{ -1.26904 2.72275 1.47898 1  }

フレーム番号49 : 
{ -0.606434 0.521164 0.600521 0  }
{ 0.35663 0.853296 -0.380394 0  }
{ -0.710671 -0.0165198 -0.703331 0  }
{ -1.26454 2.73624 1.47505 1  }

フレーム番号50 : 
{ -0.633164 0.44931 0.630257 0  }
{ 0.306306 0.893245 -0.329075 0  }
{ -0.71083 -0.0153069 -0.703197 0  }
{ -1.25983 2.74953 1.47094 1  }

フレーム番号51 : 
{ -0.655739 0.374414 0.655607 0  }
{ 0.254002 0.927154 -0.275441 0  }
{ -0.710978 -0.0140922 -0.703073 0  }
{ -1.25489 2.76269 1.46665 1  }

フレーム番号52 : 
{ -0.673572 0.299046 0.675923 0  }
{ 0.201526 0.954152 -0.221317 0  }
{ -0.711117 -0.0128574 -0.702956 0  }
{ -1.24972 2.77574 1.46215 1  }

フレーム番号53 : 
{ -0.686571 0.225968 0.691056 0  }
{ 0.150815 0.974066 -0.168672 0  }
{ -0.711249 -0.0115838 -0.702845 0  }
{ -1.24429 2.78872 1.45743 1  }

フレーム番号54 : 
{ -0.695101 0.157992 0.701336 0  }
{ 0.103837 0.987387 -0.119518 0  }
{ -0.711373 -0.0102527 -0.702739 0  }
{ -1.23859 2.80168 1.45249 1  }

フレーム番号55 : 
{ -0.699911 0.0978586 0.707494 0  }
{ 0.0625016 0.995161 -0.0758162 0  }
{ -0.71149 -0.00884507 -0.702641 0  }
{ -1.23259 2.81465 1.4473 1  }

フレーム番号56 : 
{ -0.702005 0.0481538 0.710542 0  }
{ 0.0286136 0.998813 -0.0394202 0  }
{ -0.711597 -0.00734204 -0.70255 0  }
{ -1.22626 2.82767 1.44185 1  }

フレーム番号57 : 
{ -0.702483 0.0112884 0.711611 0  }
{ 0.00385601 0.99992 -0.0120553 0  }
{ -0.71169 -0.00572468 -0.70247 0  }
{ -1.21959 2.84077 1.4361 1  }

フレーム番号58 : 
{ -0.702343 -0.010475 0.711762 0  }
{ -0.0101864 0.999937 0.00466449 0  }
{ -0.711766 -0.0039742 -0.702406 0  }
{ -1.21254 2.85397 1.43004 1  }

フレーム番号59 : 
{ -0.702263 -0.0149577 0.711761 0  }
{ -0.0119805 0.999886 0.00919204 0  }
{ -0.711817 -0.00207204 -0.702362 0  }
{ -1.20507 2.8673 1.42364 1  }

フレーム番号60 : 
{ -0.702345 1.08446e-32 0.711836 0  }
{ 0 1 4.93038e-32 0  }
{ -0.711836 0 -0.702345 0  }
{ -1.19716 2.88078 1.41686 1  }

フレーム番号61 : 
{ -0.701369 -0.0505613 0.711002 0  }
{ -0.0385765 0.998712 0.0329673 0  }
{ -0.711753 -0.00430569 -0.702416 0  }
{ -1.21287 2.85324 1.4303 1  }

フレーム番号62 : 
{ -0.698444 -0.100992 0.708503 0  }
{ -0.0770535 0.99485 0.0658497 0  }
{ -0.711504 -0.00860029 -0.702629 0  }
{ -1.22751 2.82468 1.44281 1  }

フレーム番号63 : 
{ -0.693578 -0.151163 0.704344 0  }
{ -0.115332 0.988425 0.0985624 0  }
{ -0.71109 -0.0128727 -0.702983 0  }
{ -1.24103 2.79518 1.45436 1  }

フレーム番号64 : 
{ -0.686782 -0.200945 0.698536 0  }
{ -0.153313 0.979453 0.131021 0  }
{ -0.710511 -0.017112 -0.703478 0  }
{ -1.25339 2.76482 1.46492 1  }

フレーム番号65 : 
{ -0.678074 -0.250208 0.691094 0  }
{ -0.1909 0.967958 0.163142 0  }
{ -0.70977 -0.0213072 -0.704112 0  }
{ -1.26456 2.73367 1.47447 1  }

フレーム番号66 : 
{ -0.667477 -0.298827 0.682038 0  }
{ -0.227994 0.953968 0.194843 0  }
{ -0.708867 -0.0254474 -0.704883 0  }
{ -1.27452 2.70182 1.48298 1  }

フレーム番号67 : 
{ -0.655019 -0.346676 0.671391 0  }
{ -0.264501 0.93752 0.226042 0  }
{ -0.707806 -0.0295221 -0.70579 0  }
{ -1.28323 2.66934 1.49043 1  }

フレーム番号68 : 
{ -0.64073 -0.393632 0.65918 0  }
{ -0.300327 0.918657 0.256658 0  }
{ -0.706589 -0.0335208 -0.706829 0  }
{ -1.29069 2.63633 1.4968 1  }

フレーム番号69 : 
{ -0.624649 -0.439573 0.645437 0  }
{ -0.335378 0.897426 0.286613 0  }
{ -0.70522 -0.037433 -0.708 0  }
{ -1.29685 2.60286 1.50207 1  }

フレーム番号70 : 
{ -0.606816 -0.484382 0.630197 0  }
{ -0.369566 0.873884 0.31583 0  }
{ -0.703701 -0.0412489 -0.709297 0  }
{ -1.30172 2.56902 1.50623 1  }

フレーム番号71 : 
{ -0.587277 -0.527942 0.6135 0  }
{ -0.402801 0.848089 0.344232 0  }
{ -0.702038 -0.0449584 -0.710719 0  }
{ -1.30528 2.53489 1.50927 1  }

フレーム番号72 : 
{ -0.566084 -0.570143 0.595388 0  }
{ -0.434998 0.82011 0.371748 0  }
{ -0.700233 -0.0485521 -0.712262 0  }
{ -1.30752 2.50058 1.51118 1  }

フレーム番号73 : 
{ -0.543289 -0.610874 0.575908 0  }
{ -0.466075 0.790017 0.398306 0  }
{ -0.698292 -0.0520207 -0.713921 0  }
{ -1.30843 2.46616 1.51196 1  }

フレーム番号74 : 
{ -0.518953 -0.650031 0.55511 0  }
{ -0.49595 0.757888 0.423838 0  }
{ -0.696219 -0.0553552 -0.715692 0  }
{ -1.30801 2.43172 1.5116 1  }

フレーム番号75 : 
{ -0.493137 -0.687514 0.533048 0  }
{ -0.524548 0.723807 0.448277 0  }
{ -0.694021 -0.0585471 -0.71757 0  }
{ -1.30626 2.39736 1.51011 1  }

フレーム番号76 : 
{ -0.465909 -0.723225 0.509779 0  }
{ -0.551794 0.687861 0.471562 0  }
{ -0.691702 -0.0615882 -0.719552 0  }
{ -1.30319 2.36315 1.50748 1  }

フレーム番号77 : 
{ -0.437339 -0.757072 0.485362 0  }
{ -0.577619 0.650142 0.493631 0  }
{ -0.689269 -0.0644706 -0.721631 0  }
{ -1.29881 2.3292 1.50373 1  }

フレーム番号78 : 
{ -0.407499 -0.788969 0.459862 0  }
{ -0.601955 0.610749 0.514428 0  }
{ -0.686728 -0.0671868 -0.723803 0  }
{ -1.29312 2.29558 1.49887 1  }

フレーム番号79 : 
{ -0.376467 -0.818833 0.433342 0  }
{ -0.62474 0.569781 0.5339 0  }
{ -0.684085 -0.06973 -0.726061 0  }
{ -1.28614 2.26239 1.49291 1  }

フレーム番号80 : 
{ -0.344324 -0.846587 0.405872 0  }
{ -0.645915 0.527346 0.551997 0  }
{ -0.681348 -0.0720934 -0.728401 0  }
{ -1.27789 2.2297 1.48586 1  }

フレーム番号81 : 
{ -0.360461 -0.833037 0.419663 0  }
{ -0.635577 0.54865 0.543162 0  }
{ -0.682722 -0.0709396 -0.727226 0  }
{ -1.28215 2.2459 1.4895 1  }

フレーム番号82 : 
{ -0.376333 -0.818955 0.433227 0  }
{ -0.624833 0.569604 0.53398 0  }
{ -0.684074 -0.0697404 -0.726071 0  }
{ -1.2861 2.26225 1.49288 1  }

フレーム番号83 : 
{ -0.391929 -0.80435 0.446556 0  }
{ -0.61369 0.590194 0.524458 0  }
{ -0.685402 -0.0684967 -0.724936 0  }
{ -1.28974 2.27871 1.49599 1  }

フレーム番号84 : 
{ -0.40724 -0.789232 0.45964 0  }
{ -0.602155 0.610407 0.5146 0  }
{ -0.686706 -0.0672092 -0.723822 0  }
{ -1.29306 2.2953 1.49883 1  }

フレーム番号85 : 
{ -0.422255 -0.773609 0.472472 0  }
{ -0.590235 0.63023 0.504413 0  }
{ -0.687985 -0.0658788 -0.722729 0  }
{ -1.29606 2.31198 1.50139 1  }

フレーム番号86 : 
{ -0.436966 -0.757492 0.485044 0  }
{ -0.577939 0.64965 0.493904 0  }
{ -0.689237 -0.0645063 -0.721658 0  }
{ -1.29874 2.32877 1.50368 1  }

フレーム番号87 : 
{ -0.451362 -0.740891 0.497347 0  }
{ -0.565273 0.668656 0.48308 0  }
{ -0.690463 -0.0630926 -0.720611 0  }
{ -1.3011 2.34563 1.50569 1  }

フレーム番号88 : 
{ -0.465434 -0.723816 0.509373 0  }
{ -0.552245 0.687234 0.471947 0  }
{ -0.691662 -0.0616386 -0.719587 0  }
{ -1.30313 2.36257 1.50743 1  }

フレーム番号89 : 
{ -0.479174 -0.70628 0.521115 0  }
{ -0.538866 0.705373 0.460513 0  }
{ -0.692832 -0.0601452 -0.718587 0  }
{ -1.30483 2.37957 1.50889 1  }

フレーム番号90 : 
{ -0.492573 -0.688292 0.532566 0  }
{ -0.525142 0.723062 0.448784 0  }
{ -0.693973 -0.0586134 -0.717612 0  }
{ -1.30621 2.39663 1.51006 1  }

フレーム番号91 : 
{ -0.505622 -0.669864 0.543717 0  }
{ -0.511082 0.740289 0.436769 0  }
{ -0.695084 -0.0570441 -0.716662 0  }
{ -1.30726 2.41372 1.51096 1  }

フレーム番号92 : 
{ -0.518312 -0.651009 0.554563 0  }
{ -0.496696 0.757043 0.424475 0  }
{ -0.696165 -0.0554385 -0.715738 0  }
{ -1.30798 2.43084 1.51158 1  }

フレーム番号93 : 
{ -0.530637 -0.631738 0.565095 0  }
{ -0.481993 0.773313 0.41191 0  }
{ -0.697214 -0.0537974 -0.714841 0  }
{ -1.30837 2.44798 1.51191 1  }

フレーム番号94 : 
{ -0.542587 -0.612063 0.575307 0  }
{ -0.466982 0.78909 0.399081 0  }
{ -0.698232 -0.0521219 -0.713972 0  }
{ -1.30843 2.46513 1.51196 1  }

フレーム番号95 : 
{ -0.554155 -0.591997 0.585194 0  }
{ -0.451672 0.804362 0.385998 0  }
{ -0.699217 -0.0504131 -0.71313 0  }
{ -1.30817 2.48228 1.51173 1  }

フレーム番号96 : 
{ -0.565334 -0.571553 0.594747 0  }
{ -0.436074 0.81912 0.372668 0  }
{ -0.700169 -0.0486722 -0.712316 0  }
{ -1.30757 2.49941 1.51123 1  }

フレーム番号97 : 
{ -0.576117 -0.550744 0.603962 0  }
{ -0.420198 0.833355 0.3591 0  }
{ -0.701087 -0.0469001 -0.711532 0  }
{ -1.30665 2.51651 1.51043 1  }

フレーム番号98 : 
{ -0.586497 -0.529583 0.612832 0  }
{ -0.404053 0.847058 0.345302 0  }
{ -0.701971 -0.0450981 -0.710776 0  }
{ -1.30539 2.53358 1.50936 1  }

フレーム番号99 : 
{ -0.596466 -0.508084 0.621352 0  }
{ -0.38765 0.86022 0.331284 0  }
{ -0.70282 -0.0432673 -0.710051 0  }
{ -1.30381 2.55061 1.50801 1  }

フレーム番号100 : 
{ -0.60602 -0.48626 0.629517 0  }
{ -0.370999 0.872832 0.317054 0  }
{ -0.703634 -0.0414088 -0.709355 0  }
{ -1.3019 2.56757 1.50638 1  }

フレーム番号101 : 
{ -0.615227 -0.463935 0.637385 0  }
{ -0.353966 0.884988 0.302498 0  }
{ -0.704418 -0.0395077 -0.708685 0  }
{ -1.29965 2.58461 1.50445 1  }

フレーム番号102 : 
{ -0.623998 -0.441309 0.644881 0  }
{ -0.336703 0.896568 0.287745 0  }
{ -0.705165 -0.0375809 -0.708047 0  }
{ -1.29706 2.60157 1.50225 1  }

フレーム番号103 : 
{ -0.632329 -0.418396 0.652001 0  }
{ -0.319221 0.907565 0.272805 0  }
{ -0.705874 -0.0356297 -0.707441 0  }
{ -1.29415 2.61843 1.49976 1  }

フレーム番号104 : 
{ -0.640212 -0.395212 0.658738 0  }
{ -0.301532 0.917973 0.257688 0  }
{ -0.706545 -0.0336553 -0.706867 0  }
{ -1.29092 2.6352 1.49699 1  }

フレーム番号105 : 
{ -0.647644 -0.37177 0.665089 0  }
{ -0.283647 0.927785 0.242404 0  }
{ -0.707178 -0.0316591 -0.706326 0  }
{ -1.28736 2.65184 1.49395 1  }

フレーム番号106 : 
{ -0.65462 -0.348087 0.67105 0  }
{ -0.265578 0.936993 0.226962 0  }
{ -0.707772 -0.0296423 -0.705819 0  }
{ -1.28347 2.66837 1.49063 1  }

フレーム番号107 : 
{ -0.661134 -0.324178 0.676617 0  }
{ -0.247336 0.945593 0.211372 0  }
{ -0.708327 -0.0276063 -0.705344 0  }
{ -1.27927 2.68476 1.48704 1  }

フレーム番号108 : 
{ -0.667183 -0.300058 0.681786 0  }
{ -0.228933 0.953579 0.195646 0  }
{ -0.708842 -0.0255523 -0.704904 0  }
{ -1.27476 2.701 1.48318 1  }

フレーム番号109 : 
{ -0.672762 -0.275743 0.686555 0  }
{ -0.210382 0.960945 0.179792 0  }
{ -0.709317 -0.0234817 -0.704498 0  }
{ -1.26993 2.71709 1.47905 1  }

フレーム番号110 : 
{ -0.677868 -0.251249 0.690919 0  }
{ -0.191694 0.967686 0.163821 0  }
{ -0.709752 -0.0213958 -0.704127 0  }
{ -1.26479 2.733 1.47466 1  }

フレーム番号111 : 
{ -0.682499 -0.226592 0.694875 0  }
{ -0.172881 0.973799 0.147744 0  }
{ -0.710146 -0.019296 -0.70379 0  }
{ -1.25934 2.74875 1.47001 1  }

フレーム番号112 : 
{ -0.686649 -0.201787 0.698423 0  }
{ -0.153956 0.979279 0.131571 0  }
{ -0.7105 -0.0171837 -0.703488 0  }
{ -1.25359 2.7643 1.46509 1  }

フレーム番号113 : 
{ -0.690318 -0.176851 0.701558 0  }
{ -0.134931 0.984122 0.115312 0  }
{ -0.710812 -0.0150603 -0.703221 0  }
{ -1.24754 2.77965 1.45992 1  }

フレーム番号114 : 
{ -0.693503 -0.151801 0.70428 0  }
{ -0.115819 0.988327 0.0989782 0  }
{ -0.711083 -0.012927 -0.702989 0  }
{ -1.24119 2.7948 1.4545 1  }

フレーム番号115 : 
{ -0.696201 -0.126652 0.706586 0  }
{ -0.0966307 0.991889 0.0825803 0  }
{ -0.711313 -0.0107854 -0.702792 0  }
{ -1.23456 2.80973 1.44883 1  }

フレーム番号116 : 
{ -0.698411 -0.10142 0.708474 0  }
{ -0.07738 0.994806 0.0661287 0  }
{ -0.711501 -0.00863673 -0.702632 0  }
{ -1.22763 2.82443 1.44291 1  }

フレーム番号117 : 
{ -0.700131 -0.076123 0.709945 0  }
{ -0.0580791 0.997077 0.0496342 0  }
{ -0.711648 -0.00648246 -0.702506 0  }
{ -1.22042 2.8389 1.43675 1  }

フレーム番号118 : 
{ -0.701361 -0.0507761 0.710995 0  }
{ -0.0387403 0.998701 0.0331074 0  }
{ -0.711753 -0.00432398 -0.702417 0  }
{ -1.21294 2.85312 1.43035 1  }

フレーム番号119 : 
{ -0.702099 -0.0253963 0.711626 0  }
{ -0.0193765 0.999675 0.0165591 0  }
{ -0.711815 -0.00216269 -0.702363 0  }
{ -1.20518 2.86708 1.42372 1  }

フレーム番号120 : 
{ -0.702345 1.08446e-32 0.711836 0  }
{ 0 1 4.93038e-32 0  }
{ -0.711836 0 -0.702345 0  }
{ -1.19716 2.88078 1.41686 1  }

