
[MeshData]

ボーン番号 : 15

ボーン名 : {  }

オフセット行列 : 
{ -0.81244 9.94952e-17 0.583045 0  }
{ 5.10623e-17 1 -9.94952e-17 0  }
{ -0.583045 -5.10623e-17 -0.81244 0  }
{ -1.41105 2.35312 1.47127 1  }

アニメーション行列 : 
フレーム番号0 : 
{ -0.81244 2.46519e-32 0.583045 0  }
{ -4.93038e-32 1 -1.2326e-32 0  }
{ -0.583045 2.46519e-32 -0.81244 0  }
{ -1.41105 2.35312 1.47127 1  }

フレーム番号1 : 
{ -0.812622 -0.0230367 0.582336 0  }
{ -0.0138437 0.9997 0.0202289 0  }
{ -0.582627 0.00837677 -0.812697 0  }
{ -1.41042 2.32914 1.47047 1  }

フレーム番号2 : 
{ -0.813278 -0.0401163 0.580491 0  }
{ -0.0194409 0.998937 0.0417972 0  }
{ -0.58155 0.0227075 -0.813194 0  }
{ -1.40926 2.30188 1.46885 1  }

フレーム番号3 : 
{ -0.814464 -0.0517881 0.577898 0  }
{ -0.0176607 0.99776 0.0645237 0  }
{ -0.579945 0.0423462 -0.813555 0  }
{ -1.40732 2.27176 1.46622 1  }

フレーム番号4 : 
{ -0.816123 -0.0586063 0.574898 0  }
{ -0.00938828 0.996057 0.0882126 0  }
{ -0.577801 0.0665951 -0.813456 0  }
{ -1.40438 2.2392 1.46237 1  }

フレーム番号5 : 
{ -0.818122 -0.0611293 0.571786 0  }
{ 0.00447878 0.993626 0.112636 0  }
{ -0.575027 0.0947111 -0.812634 0  }
{ -1.4002 2.20468 1.45714 1  }

フレーム番号6 : 
{ -0.820285 -0.0599214 0.568807 0  }
{ 0.0230301 0.99023 0.137529 0  }
{ -0.571491 0.125912 -0.810891 0  }
{ -1.39458 2.16869 1.45037 1  }

フレーム番号7 : 
{ -0.822424 -0.0555546 0.566156 0  }
{ 0.0453438 0.985652 0.162586 0  }
{ -0.567065 0.159387 -0.808104 0  }
{ -1.38739 2.13176 1.44199 1  }

フレーム番号8 : 
{ -0.824361 -0.0486095 0.563974 0  }
{ 0.0704907 0.979736 0.187481 0  }
{ -0.561659 0.194307 -0.804229 0  }
{ -1.37854 2.0944 1.43195 1  }

フレーム番号9 : 
{ -0.82595 -0.0396748 0.562346 0  }
{ 0.0975428 0.972417 0.211873 0  }
{ -0.555241 0.229849 -0.799298 0  }
{ -1.36801 2.05717 1.42029 1  }

フレーム番号10 : 
{ -0.827091 -0.0293453 0.561302 0  }
{ 0.125585 0.963742 0.235437 0  }
{ -0.547859 0.265219 -0.793416 0  }
{ -1.35589 2.02059 1.40712 1  }

フレーム番号11 : 
{ -0.827736 -0.0182189 0.560821 0  }
{ 0.153728 0.953869 0.257881 0  }
{ -0.539648 0.299671 -0.786751 0  }
{ -1.3423 1.98514 1.39262 1  }

フレーム番号12 : 
{ -0.827898 -0.00689203 0.560837 0  }
{ 0.181125 0.943066 0.278962 0  }
{ -0.530829 0.332534 -0.779514 0  }
{ -1.32749 1.95126 1.37701 1  }

フレーム番号13 : 
{ -0.827639 0.00404392 0.561247 0  }
{ 0.206981 0.931693 0.298509 0  }
{ -0.521702 0.363225 -0.771942 0  }
{ -1.31175 1.91932 1.3606 1  }

フレーム番号14 : 
{ -0.827071 0.014006 0.561923 0  }
{ 0.230563 0.920173 0.31642 0  }
{ -0.512635 0.391261 -0.764278 0  }
{ -1.29543 1.8896 1.34375 1  }

フレーム番号15 : 
{ -0.82634 0.0224211 0.562725 0  }
{ 0.251204 0.908972 0.332667 0  }
{ -0.504042 0.416255 -0.756752 0  }
{ -1.27896 1.86232 1.32682 1  }

フレーム番号16 : 
{ -0.825614 0.0287276 0.563504 0  }
{ 0.268297 0.89856 0.347285 0  }
{ -0.496365 0.43791 -0.749571 0  }
{ -1.26277 1.83759 1.31024 1  }

フレーム番号17 : 
{ -0.825063 0.0323739 0.564113 0  }
{ 0.281287 0.88939 0.360364 0  }
{ -0.49005 0.456001 -0.742909 0  }
{ -1.24733 1.81542 1.29441 1  }

フレーム番号18 : 
{ -0.824846 0.0328169 0.564404 0  }
{ 0.289649 0.881871 0.372031 0  }
{ -0.485522 0.470348 -0.736913 0  }
{ -1.2331 1.79579 1.27977 1  }

フレーム番号19 : 
{ -0.825096 0.0295204 0.564221 0  }
{ 0.292872 0.876339 0.382434 0  }
{ -0.48316 0.480789 -0.731709 0  }
{ -1.22055 1.77859 1.2667 1  }

フレーム番号20 : 
{ -0.825898 0.0219525 0.563392 0  }
{ 0.290423 0.873045 0.391724 0  }
{ -0.483267 0.487146 -0.727422 0  }
{ -1.21013 1.7637 1.25562 1  }

フレーム番号21 : 
{ -0.830799 0.0381982 0.555261 0  }
{ 0.2917 0.879533 0.375944 0  }
{ -0.47401 0.474303 -0.741857 0  }
{ -1.22693 1.78196 1.27303 1  }

フレーム番号22 : 
{ -0.843615 0.00742303 0.536897 0  }
{ 0.24813 0.892126 0.377548 0  }
{ -0.476177 0.451725 -0.754453 0  }
{ -1.24863 1.80526 1.29497 1  }

フレーム番号23 : 
{ -0.859271 -0.0569041 0.508346 0  }
{ 0.170755 0.904877 0.389923 0  }
{ -0.482179 0.421852 -0.767818 0  }
{ -1.27412 1.83421 1.32043 1  }

フレーム番号24 : 
{ -0.871843 -0.140806 0.469109 0  }
{ 0.0712873 0.911106 0.405962 0  }
{ -0.48457 0.387376 -0.784303 0  }
{ -1.30217 1.86941 1.34827 1  }

フレーム番号25 : 
{ -0.877544 -0.229996 0.420736 0  }
{ -0.0371094 0.907399 0.418629 0  }
{ -0.478059 0.351752 -0.804817 0  }
{ -1.33146 1.91123 1.37731 1  }

フレーム番号26 : 
{ -0.87637 -0.310897 0.367856 0  }
{ -0.140526 0.89558 0.422123 0  }
{ -0.460682 0.318243 -0.828549 0  }
{ -1.36063 1.9598 1.40631 1  }

フレーム番号27 : 
{ -0.872253 -0.371776 0.317737 0  }
{ -0.2257 0.882385 0.412863 0  }
{ -0.433859 0.288408 -0.853573 0  }
{ -1.38838 2.01488 1.43403 1  }

フレーム番号28 : 
{ -0.871744 -0.402918 0.278781 0  }
{ -0.280886 0.877175 0.389444 0  }
{ -0.401454 0.26119 -0.877846 0  }
{ -1.41346 2.07589 1.45933 1  }

フレーム番号29 : 
{ -0.881484 -0.395209 0.25845 0  }
{ -0.295355 0.888474 0.351255 0  }
{ -0.368445 0.233291 -0.899902 0  }
{ -1.43482 2.14185 1.48121 1  }

フレーム番号30 : 
{ -0.904534 -0.337363 0.260777 0  }
{ -0.257613 0.91971 0.296257 0  }
{ -0.339786 0.200795 -0.918818 0  }
{ -1.45167 2.21147 1.49888 1  }

フレーム番号31 : 
{ -0.929967 -0.247726 0.271649 0  }
{ -0.187194 0.955004 0.230057 0  }
{ -0.316416 0.163094 -0.934495 0  }
{ -1.46349 2.28323 1.51182 1  }

フレーム番号32 : 
{ -0.948138 -0.156089 0.276895 0  }
{ -0.113952 0.980136 0.162322 0  }
{ -0.296732 0.122351 -0.947091 0  }
{ -1.47011 2.35545 1.51981 1  }

フレーム番号33 : 
{ -0.958845 -0.065092 0.276367 0  }
{ -0.0401816 0.994679 0.0948658 0  }
{ -0.281071 0.0798568 -0.956359 0  }
{ -1.47171 2.42645 1.52297 1  }

フレーム番号34 : 
{ -0.962471 0.0226355 0.27044 0  }
{ 0.0317959 0.999058 0.0295386 0  }
{ -0.269517 0.0370289 -0.962283 0  }
{ -1.46876 2.4946 1.52168 1  }

フレーム番号35 : 
{ -0.959927 0.104649 0.259978 0  }
{ 0.0997773 0.994498 -0.0319022 0  }
{ -0.261886 -0.00468388 -0.965087 0  }
{ -1.46205 2.55843 1.5166 1  }

フレーム番号36 : 
{ -0.952569 0.178814 0.24625 0  }
{ 0.161785 0.982903 -0.0879005 0  }
{ -0.257757 -0.0438918 -0.965212 0  }
{ -1.45256 2.61671 1.5086 1  }

フレーム番号37 : 
{ -0.942066 0.243379 0.230823 0  }
{ 0.21613 0.966682 -0.137167 0  }
{ -0.256516 -0.0793329 -0.963279 0  }
{ -1.44142 2.66844 1.49867 1  }

フレーム番号38 : 
{ -0.930265 0.296972 0.215442 0  }
{ 0.261421 0.948539 -0.178697 0  }
{ -0.257423 -0.109915 -0.960027 0  }
{ -1.42981 2.71285 1.4879 1  }

フレーム番号39 : 
{ -0.919041 0.338529 0.201896 0  }
{ 0.296516 0.931261 -0.211734 0  }
{ -0.259696 -0.134727 -0.956246 0  }
{ -1.41893 2.74935 1.47735 1  }

フレーム番号40 : 
{ -0.910148 0.367159 0.1919 0  }
{ 0.320426 0.917486 -0.235684 0  }
{ -0.262599 -0.153017 -0.952695 0  }
{ -1.40985 2.77747 1.46803 1  }

フレーム番号41 : 
{ -0.914585 0.353963 0.195563 0  }
{ 0.307791 0.922962 -0.231097 0  }
{ -0.262297 -0.151165 -0.953074 0  }
{ -1.41467 2.76789 1.46952 1  }

フレーム番号42 : 
{ -0.92501 0.320109 0.204663 0  }
{ 0.275032 0.935787 -0.22059 0  }
{ -0.262134 -0.147759 -0.953653 0  }
{ -1.42642 2.74392 1.47236 1  }

フレーム番号43 : 
{ -0.938058 0.269516 0.217735 0  }
{ 0.226014 0.9523 -0.205043 0  }
{ -0.262611 -0.143131 -0.954227 0  }
{ -1.44211 2.70758 1.47567 1  }

フレーム番号44 : 
{ -0.950271 0.20628 0.233309 0  }
{ 0.164753 0.96874 -0.185469 0  }
{ -0.264275 -0.137807 -0.954551 0  }
{ -1.45849 2.66105 1.47848 1  }

フレーム番号45 : 
{ -0.958739 0.134906 0.250239 0  }
{ 0.0956139 0.981971 -0.163066 0  }
{ -0.267726 -0.132411 -0.954353 0  }
{ -1.47255 2.60697 1.47997 1  }

フレーム番号46 : 
{ -0.961552 0.0602961 0.267923 0  }
{ 0.0233055 0.989996 -0.139157 0  }
{ -0.273634 -0.127563 -0.953338 0  }
{ -1.48193 2.5486 1.47968 1  }

フレーム番号47 : 
{ -0.958028 -0.0124397 0.286403 0  }
{ -0.0472757 0.992235 -0.115042 0  }
{ -0.282748 -0.123753 -0.951177 0  }
{ -1.48531 2.48962 1.47765 1  }

フレーム番号48 : 
{ -0.94871 -0.0782501 0.306312 0  }
{ -0.111267 0.989539 -0.091829 0  }
{ -0.295922 -0.121201 -0.947492 0  }
{ -1.4825 2.43389 1.47442 1  }

フレーム番号49 : 
{ -0.935116 -0.13237 0.328689 0  }
{ -0.164003 0.98395 -0.0703295 0  }
{ -0.314104 -0.119672 -0.941816 0  }
{ -1.47448 2.38508 1.47089 1  }

フレーム番号50 : 
{ -0.919328 -0.170409 0.354678 0  }
{ -0.201033 0.978253 -0.0510654 0  }
{ -0.338263 -0.118248 -0.933593 0  }
{ -1.46314 2.34643 1.46819 1  }

フレーム番号51 : 
{ -0.903521 -0.188291 0.384963 0  }
{ -0.218217 0.975267 -0.0351454 0  }
{ -0.368824 -0.11576 -0.922263 0  }
{ -1.45098 2.32071 1.4673 1  }

フレーム番号52 : 
{ -0.888765 -0.187602 0.418212 0  }
{ -0.216791 0.975949 -0.0229222 0  }
{ -0.403853 -0.111037 -0.90806 0  }
{ -1.43985 2.30701 1.46803 1  }

フレーム番号53 : 
{ -0.875073 -0.172569 0.45218 0  }
{ -0.200351 0.979626 -0.0138624 0  }
{ -0.440575 -0.102725 -0.891819 0  }
{ -1.43057 2.30278 1.4696 1  }

フレーム番号54 : 
{ -0.862199 -0.147311 0.484677 0  }
{ -0.17255 0.984972 -0.0075824 0  }
{ -0.476276 -0.0901687 -0.87466 0  }
{ -1.42339 2.30562 1.47125 1  }

フレーム番号55 : 
{ -0.849994 -0.115877 0.51389 0  }
{ -0.137268 0.990527 -0.00369368 0  }
{ -0.508594 -0.0736803 -0.857848 0  }
{ -1.41823 2.31331 1.47244 1  }

フレーム番号56 : 
{ -0.838576 -0.0822196 0.538545 0  }
{ -0.0986666 0.995119 -0.00171046 0  }
{ -0.535776 -0.0545708 -0.842595 0  }
{ -1.41479 2.32375 1.47291 1  }

フレーム番号57 : 
{ -0.828368 -0.0501635 0.557934 0  }
{ -0.0611391 0.998129 -0.00103249 0  }
{ -0.556838 -0.0349668 -0.829885 0  }
{ -1.41271 2.33491 1.47272 1  }

フレーム番号58 : 
{ -0.820052 -0.0233894 0.571811 0  }
{ -0.0291952 0.999573 -0.000983231 0  }
{ -0.571544 -0.0175005 -0.820385 0  }
{ -1.41162 2.34483 1.47213 1  }

フレーム番号59 : 
{ -0.814463 -0.00547665 0.580189 0  }
{ -0.00734055 0.999973 -0.000865428 0  }
{ -0.580169 -0.00496377 -0.814481 0  }
{ -1.41116 2.35155 1.47153 1  }

フレーム番号60 : 
{ -0.81244 2.46519e-32 0.583045 0  }
{ -4.93038e-32 1 -1.2326e-32 0  }
{ -0.583045 2.46519e-32 -0.81244 0  }
{ -1.41105 2.35312 1.47127 1  }

フレーム番号61 : 
{ -0.812201 -0.0261931 0.58279 0  }
{ -0.018249 0.999643 0.0194957 0  }
{ -0.583093 0.0051991 -0.812389 0  }
{ -1.41041 2.33093 1.47059 1  }

フレーム番号62 : 
{ -0.811484 -0.0523676 0.582024 0  }
{ -0.0364851 0.998574 0.0389776 0  }
{ -0.583235 0.0103945 -0.812237 0  }
{ -1.40936 2.30878 1.46947 1  }

フレーム番号63 : 
{ -0.810289 -0.0785047 0.580748 0  }
{ -0.0546951 0.996792 0.0584316 0  }
{ -0.583472 0.0155825 -0.811984 0  }
{ -1.40791 2.28667 1.46792 1  }

フレーム番号64 : 
{ -0.808619 -0.104586 0.578963 0  }
{ -0.0728661 0.994299 0.077844 0  }
{ -0.583804 0.0207593 -0.81163 0  }
{ -1.40606 2.26463 1.46594 1  }

フレーム番号65 : 
{ -0.806472 -0.130592 0.57667 0  }
{ -0.0909851 0.991097 0.0972008 0  }
{ -0.58423 0.0259214 -0.811174 0  }
{ -1.40381 2.24267 1.46353 1  }

フレーム番号66 : 
{ -0.803852 -0.156506 0.573871 0  }
{ -0.109039 0.987188 0.116488 0  }
{ -0.58475 0.031065 -0.810619 0  }
{ -1.40115 2.2208 1.4607 1  }

フレーム番号67 : 
{ -0.80076 -0.182308 0.570567 0  }
{ -0.127016 0.982575 0.135693 0  }
{ -0.585363 0.0361864 -0.809963 0  }
{ -1.3981 2.19905 1.45744 1  }

フレーム番号68 : 
{ -0.797198 -0.207979 0.566762 0  }
{ -0.144901 0.977262 0.1548 0  }
{ -0.58607 0.041282 -0.809208 0  }
{ -1.39465 2.17742 1.45375 1  }

フレーム番号69 : 
{ -0.793169 -0.233503 0.562458 0  }
{ -0.162684 0.971251 0.173798 0  }
{ -0.58687 0.0463481 -0.808353 0  }
{ -1.39081 2.15593 1.44965 1  }

フレーム番号70 : 
{ -0.788676 -0.258859 0.557658 0  }
{ -0.18035 0.964547 0.192671 0  }
{ -0.587762 0.0513812 -0.807401 0  }
{ -1.38658 2.13461 1.44513 1  }

フレーム番号71 : 
{ -0.783721 -0.284032 0.552365 0  }
{ -0.197888 0.957156 0.211407 0  }
{ -0.588745 0.0563777 -0.80635 0  }
{ -1.38196 2.11345 1.44019 1  }

フレーム番号72 : 
{ -0.778309 -0.309001 0.546583 0  }
{ -0.215285 0.949082 0.229992 0  }
{ -0.58982 0.0613339 -0.805202 0  }
{ -1.37695 2.09249 1.43484 1  }

フレーム番号73 : 
{ -0.772443 -0.333751 0.540316 0  }
{ -0.232528 0.940331 0.248413 0  }
{ -0.590984 0.0662464 -0.803959 0  }
{ -1.37157 2.07172 1.42909 1  }

フレーム番号74 : 
{ -0.766128 -0.358262 0.533569 0  }
{ -0.249605 0.930909 0.266657 0  }
{ -0.592238 0.0711117 -0.802619 0  }
{ -1.36581 2.05118 1.42294 1  }

フレーム番号75 : 
{ -0.759368 -0.382517 0.526347 0  }
{ -0.266504 0.920823 0.28471 0  }
{ -0.593579 0.0759262 -0.801186 0  }
{ -1.35967 2.03087 1.41638 1  }

フレーム番号76 : 
{ -0.752167 -0.4065 0.518655 0  }
{ -0.283213 0.910081 0.302561 0  }
{ -0.595009 0.0806866 -0.799659 0  }
{ -1.35317 2.0108 1.40943 1  }

フレーム番号77 : 
{ -0.744531 -0.430193 0.510497 0  }
{ -0.29972 0.898689 0.320196 0  }
{ -0.596524 0.0853894 -0.79804 0  }
{ -1.3463 1.991 1.4021 1  }

フレーム番号78 : 
{ -0.736466 -0.453579 0.501881 0  }
{ -0.316014 0.886657 0.337602 0  }
{ -0.598125 0.0900313 -0.796329 0  }
{ -1.33907 1.97147 1.39438 1  }

フレーム番号79 : 
{ -0.727976 -0.476642 0.492811 0  }
{ -0.332081 0.873992 0.354768 0  }
{ -0.59981 0.094609 -0.794529 0  }
{ -1.33149 1.95223 1.38628 1  }

フレーム番号80 : 
{ -0.719069 -0.499364 0.483296 0  }
{ -0.347913 0.860703 0.37168 0  }
{ -0.601578 0.0991193 -0.792641 0  }
{ -1.32356 1.93329 1.37781 1  }

フレーム番号81 : 
{ -0.728626 -0.474929 0.493505 0  }
{ -0.330888 0.874961 0.353493 0  }
{ -0.599681 0.094269 -0.794667 0  }
{ -1.33207 1.95366 1.3869 1  }

フレーム番号82 : 
{ -0.737699 -0.450102 0.503198 0  }
{ -0.313591 0.888497 0.335014 0  }
{ -0.59788 0.0893411 -0.796591 0  }
{ -1.34018 1.97437 1.39555 1  }

フレーム番号83 : 
{ -0.746282 -0.424904 0.512367 0  }
{ -0.296035 0.901301 0.316259 0  }
{ -0.596177 0.0843396 -0.798411 0  }
{ -1.34787 1.99542 1.40378 1  }

フレーム番号84 : 
{ -0.754367 -0.399356 0.521004 0  }
{ -0.278236 0.913363 0.297244 0  }
{ -0.594572 0.0792686 -0.800125 0  }
{ -1.35515 2.01678 1.41155 1  }

フレーム番号85 : 
{ -0.761947 -0.373479 0.529103 0  }
{ -0.260207 0.924672 0.277983 0  }
{ -0.593067 0.0741322 -0.801733 0  }
{ -1.36201 2.03843 1.41888 1  }

フレーム番号86 : 
{ -0.769017 -0.347295 0.536656 0  }
{ -0.241964 0.935219 0.258494 0  }
{ -0.591664 0.0689348 -0.803232 0  }
{ -1.36844 2.06037 1.42575 1  }

フレーム番号87 : 
{ -0.77557 -0.320824 0.543657 0  }
{ -0.223522 0.944996 0.238792 0  }
{ -0.590363 0.0636806 -0.804622 0  }
{ -1.37443 2.08257 1.43215 1  }

フレーム番号88 : 
{ -0.781602 -0.294089 0.5501 0  }
{ -0.204895 0.953994 0.218893 0  }
{ -0.589166 0.058374 -0.805901 0  }
{ -1.37999 2.10501 1.43809 1  }

フレーム番号89 : 
{ -0.787106 -0.267112 0.555981 0  }
{ -0.1861 0.962206 0.198813 0  }
{ -0.588073 0.0530192 -0.807068 0  }
{ -1.38511 2.12767 1.44356 1  }

フレーム番号90 : 
{ -0.79208 -0.239914 0.561294 0  }
{ -0.167151 0.969625 0.17857 0  }
{ -0.587086 0.0476208 -0.808122 0  }
{ -1.38978 2.15054 1.44855 1  }

フレーム番号91 : 
{ -0.796517 -0.212519 0.566035 0  }
{ -0.148065 0.976246 0.15818 0  }
{ -0.586205 0.0421831 -0.809063 0  }
{ -1.394 2.1736 1.45305 1  }

フレーム番号92 : 
{ -0.800416 -0.184949 0.5702 0  }
{ -0.128856 0.982062 0.137659 0  }
{ -0.585432 0.0367107 -0.80989 0  }
{ -1.39776 2.19682 1.45708 1  }

フレーム番号93 : 
{ -0.803772 -0.157227 0.573785 0  }
{ -0.109541 0.987069 0.117025 0  }
{ -0.584765 0.031208 -0.810602 0  }
{ -1.40107 2.22019 1.46061 1  }

フレーム番号94 : 
{ -0.806584 -0.129375 0.576789 0  }
{ -0.0901367 0.991263 0.0962944 0  }
{ -0.584207 0.0256797 -0.811198 0  }
{ -1.40392 2.24369 1.46366 1  }

フレーム番号95 : 
{ -0.808847 -0.101416 0.579207 0  }
{ -0.0706576 0.99464 0.0754846 0  }
{ -0.583758 0.0201301 -0.811678 0  }
{ -1.40631 2.26731 1.46621 1  }

フレーム番号96 : 
{ -0.810562 -0.0733737 0.581039 0  }
{ -0.0511203 0.997198 0.0546126 0  }
{ -0.583418 0.014564 -0.812042 0  }
{ -1.40823 2.29101 1.46826 1  }

フレーム番号97 : 
{ -0.811725 -0.0452711 0.582282 0  }
{ -0.0315408 0.998934 0.0336956 0  }
{ -0.583187 0.00898589 -0.812288 0  }
{ -1.40969 2.31478 1.46982 1  }

フレーム番号98 : 
{ -0.812338 -0.0171311 0.582936 0  }
{ -0.0119354 0.999847 0.0127508 0  }
{ -0.583065 0.00340037 -0.812418 0  }
{ -1.41068 2.33861 1.47087 1  }

フレーム番号99 : 
{ -0.812397 0.011023 0.583 0  }
{ 0.00767983 0.999937 -0.00820448 0  }
{ -0.583053 -0.00218796 -0.812431 0  }
{ -1.4112 2.36246 1.47143 1  }

フレーム番号100 : 
{ -0.811905 0.039168 0.582474 0  }
{ 0.0272887 0.999202 -0.029153 0  }
{ -0.583151 -0.00777448 -0.812326 0  }
{ -1.41125 2.38633 1.47149 1  }

フレーム番号101 : 
{ -0.811957 0.0372105 0.58253 0  }
{ 0.025925 0.99928 -0.0276961 0  }
{ -0.583141 -0.00738595 -0.812338 0  }
{ -1.41127 2.38467 1.4715 1  }

フレーム番号102 : 
{ -0.812007 0.0352529 0.582582 0  }
{ 0.0245611 0.999354 -0.026239 0  }
{ -0.583131 -0.00699739 -0.812348 0  }
{ -1.41127 2.38301 1.47151 1  }

フレーム番号103 : 
{ -0.812054 0.0332952 0.582632 0  }
{ 0.0231971 0.999424 -0.0247819 0  }
{ -0.583122 -0.0066088 -0.812358 0  }
{ -1.41128 2.38135 1.47152 1  }

フレーム番号104 : 
{ -0.812098 0.0313374 0.58268 0  }
{ 0.0218331 0.999489 -0.0233246 0  }
{ -0.583113 -0.00622018 -0.812367 0  }
{ -1.41129 2.37969 1.47152 1  }

フレーム番号105 : 
{ -0.812139 0.0293794 0.582724 0  }
{ 0.0204689 0.999551 -0.0218673 0  }
{ -0.583105 -0.00583154 -0.812376 0  }
{ -1.41129 2.37803 1.47153 1  }

フレーム番号106 : 
{ -0.812178 0.0274213 0.582765 0  }
{ 0.0191047 0.999609 -0.0204099 0  }
{ -0.583097 -0.00544287 -0.812384 0  }
{ -1.41129 2.37637 1.47153 1  }

フレーム番号107 : 
{ -0.812214 0.0254631 0.582804 0  }
{ 0.0177404 0.999663 -0.0189524 0  }
{ -0.58309 -0.00505419 -0.812392 0  }
{ -1.41129 2.37471 1.47152 1  }

フレーム番号108 : 
{ -0.812247 0.0235048 0.582839 0  }
{ 0.016376 0.999713 -0.0174948 0  }
{ -0.583083 -0.00466548 -0.812399 0  }
{ -1.41128 2.37305 1.47152 1  }

フレーム番号109 : 
{ -0.812278 0.0215464 0.582872 0  }
{ 0.0150116 0.999759 -0.0160371 0  }
{ -0.583077 -0.00427676 -0.812406 0  }
{ -1.41127 2.37139 1.47151 1  }

フレーム番号110 : 
{ -0.812306 0.0195879 0.582902 0  }
{ 0.0136471 0.999801 -0.0145794 0  }
{ -0.583072 -0.00388802 -0.812411 0  }
{ -1.41127 2.36972 1.4715 1  }

フレーム番号111 : 
{ -0.812332 0.0176293 0.582929 0  }
{ 0.0122825 0.999838 -0.0131216 0  }
{ -0.583067 -0.00349926 -0.812417 0  }
{ -1.41125 2.36806 1.47149 1  }

フレーム番号112 : 
{ -0.812354 0.0156707 0.582954 0  }
{ 0.0109179 0.999872 -0.0116638 0  }
{ -0.583062 -0.00311049 -0.812422 0  }
{ -1.41124 2.3664 1.47147 1  }

フレーム番号113 : 
{ -0.812374 0.013712 0.582975 0  }
{ 0.00955329 0.999902 -0.0102059 0  }
{ -0.583058 -0.0027217 -0.812426 0  }
{ -1.41123 2.36474 1.47146 1  }

フレーム番号114 : 
{ -0.812392 0.0117532 0.582994 0  }
{ 0.0081886 0.999928 -0.00874801 0  }
{ -0.583055 -0.00233291 -0.81243 0  }
{ -1.41121 2.36308 1.47144 1  }

フレーム番号115 : 
{ -0.812406 0.00979443 0.583009 0  }
{ 0.00682389 0.99995 -0.00729006 0  }
{ -0.583052 -0.0019441 -0.812433 0  }
{ -1.41119 2.36142 1.47142 1  }

フレーム番号116 : 
{ -0.812418 0.00783559 0.583022 0  }
{ 0.00545914 0.999968 -0.00583209 0  }
{ -0.583049 -0.00155529 -0.812435 0  }
{ -1.41116 2.35976 1.47139 1  }

フレーム番号117 : 
{ -0.812428 0.00587672 0.583032 0  }
{ 0.00409438 0.999982 -0.00437408 0  }
{ -0.583047 -0.00116648 -0.812437 0  }
{ -1.41114 2.3581 1.47137 1  }

フレーム番号118 : 
{ -0.812434 0.00391783 0.583039 0  }
{ 0.00272959 0.999992 -0.00291607 0  }
{ -0.583046 -0.000777653 -0.812439 0  }
{ -1.41111 2.35644 1.47134 1  }

フレーム番号119 : 
{ -0.812438 0.00195892 0.583044 0  }
{ 0.0013648 0.999998 -0.00145804 0  }
{ -0.583045 -0.000388827 -0.81244 0  }
{ -1.41108 2.35478 1.47131 1  }

フレーム番号120 : 
{ -0.81244 2.46519e-32 0.583045 0  }
{ -4.93038e-32 1 -1.2326e-32 0  }
{ -0.583045 2.46519e-32 -0.81244 0  }
{ -1.41105 2.35312 1.47127 1  }

