
[MeshData]

ボーン番号 : 18

ボーン名 : {  }

オフセット行列 : 
{ -0.784883 9.61204e-17 0.619644 0  }
{ 4.65801e-17 1 -9.61204e-17 0  }
{ -0.619644 -4.65801e-17 -0.784883 0  }
{ -0.967898 2.68742 1.23902 1  }

アニメーション行列 : 
フレーム番号0 : 
{ -0.784883 7.43042e-17 0.619644 0  }
{ 6.46646e-17 1 -3.80058e-17 0  }
{ -0.619644 1.02389e-17 -0.784883 0  }
{ -0.967898 2.68742 1.23902 1  }

フレーム番号1 : 
{ -0.783788 -0.053633 0.618709 0  }
{ -0.0408739 0.998559 0.0347809 0  }
{ -0.619682 0.0019718 -0.78485 0  }
{ -0.976442 2.67483 1.24632 1  }

フレーム番号2 : 
{ -0.780048 -0.112536 0.615516 0  }
{ -0.0858889 0.99364 0.0728218 0  }
{ -0.619796 0.00393851 -0.784753 0  }
{ -0.984489 2.66169 1.25319 1  }

フレーム番号3 : 
{ -0.773024 -0.175823 0.609525 0  }
{ -0.134356 0.984404 0.113565 0  }
{ -0.619986 0.00589508 -0.784591 0  }
{ -0.992019 2.64803 1.25963 1  }

フレーム番号4 : 
{ -0.762151 -0.242511 0.600263 0  }
{ -0.185513 0.970117 0.15639 0  }
{ -0.620251 0.00783646 -0.784364 0  }
{ -0.999012 2.63388 1.26561 1  }

フレーム番号5 : 
{ -0.746974 -0.311528 0.58735 0  }
{ -0.23853 0.950187 0.20062 0  }
{ -0.620591 0.00975765 -0.784074 0  }
{ -1.00545 2.61929 1.27111 1  }

フレーム番号6 : 
{ -0.727173 -0.381739 0.570521 0  }
{ -0.292528 0.924197 0.245536 0  }
{ -0.621004 0.0116537 -0.783721 0  }
{ -1.01132 2.60428 1.27612 1  }

フレーム番号7 : 
{ -0.702579 -0.451973 0.549639 0  }
{ -0.346602 0.891929 0.290396 0  }
{ -0.62149 0.0135197 -0.783305 0  }
{ -1.0166 2.5889 1.28063 1  }

フレーム番号8 : 
{ -0.673188 -0.521058 0.524707 0  }
{ -0.399844 0.853383 0.334457 0  }
{ -0.622047 0.0153509 -0.782829 0  }
{ -1.02128 2.57319 1.28463 1  }

フレーム番号9 : 
{ -0.639167 -0.587859 0.49587 0  }
{ -0.451378 0.808782 0.377002 0  }
{ -0.622674 0.0171425 -0.782293 0  }
{ -1.02535 2.55719 1.28811 1  }

フレーム番号10 : 
{ -0.600854 -0.651324 0.463414 0  }
{ -0.500385 0.758565 0.417366 0  }
{ -0.62337 0.01889 -0.781699 0  }
{ -1.02879 2.54093 1.29106 1  }

フレーム番号11 : 
{ -0.558739 -0.710518 0.427756 0  }
{ -0.546142 0.703378 0.454961 0  }
{ -0.624132 0.0205888 -0.781048 0  }
{ -1.03161 2.52447 1.29346 1  }

フレーム番号12 : 
{ -0.513455 -0.764664 0.389427 0  }
{ -0.58804 0.644046 0.489299 0  }
{ -0.624958 0.0222345 -0.780342 0  }
{ -1.03378 2.50784 1.29532 1  }

フレーム番号13 : 
{ -0.465749 -0.813166 0.349054 0  }
{ -0.625614 0.581544 0.520013 0  }
{ -0.625847 0.0238229 -0.779582 0  }
{ -1.03531 2.49109 1.29663 1  }

フレーム番号14 : 
{ -0.416455 -0.855635 0.307333 0  }
{ -0.658553 0.516959 0.546866 0  }
{ -0.626796 0.02535 -0.778771 0  }
{ -1.0362 2.47425 1.29738 1  }

フレーム番号15 : 
{ -0.366463 -0.891894 0.265009 0  }
{ -0.686708 0.451449 0.569759 0  }
{ -0.627803 0.0268117 -0.77791 0  }
{ -1.03643 2.45738 1.29758 1  }

フレーム番号16 : 
{ -0.316687 -0.921982 0.222843 0  }
{ -0.710097 0.386205 0.588734 0  }
{ -0.628865 0.0282044 -0.777003 0  }
{ -1.03601 2.44051 1.29722 1  }

フレーム番号17 : 
{ -0.26804 -0.946139 0.181593 0  }
{ -0.72889 0.322412 0.603961 0  }
{ -0.629979 0.0295244 -0.776051 0  }
{ -1.03494 2.4237 1.29631 1  }

フレーム番号18 : 
{ -0.221403 -0.96479 0.141992 0  }
{ -0.743397 0.261217 0.615732 0  }
{ -0.631143 0.0307683 -0.775056 0  }
{ -1.03323 2.40698 1.29484 1  }

フレーム番号19 : 
{ -0.17761 -0.978512 0.104733 0  }
{ -0.754045 0.203702 0.624436 0  }
{ -0.632353 0.0319329 -0.774022 0  }
{ -1.03087 2.39039 1.29283 1  }

フレーム番号20 : 
{ -0.137433 -0.988002 0.0704562 0  }
{ -0.761351 0.15087 0.630542 0  }
{ -0.633606 0.0330153 -0.772951 0  }
{ -1.02787 2.37398 1.29027 1  }

フレーム番号21 : 
{ -0.159156 -0.983238 0.0889476 0  }
{ -0.757634 0.179407 0.627538 0  }
{ -0.632977 0.0324869 -0.773489 0  }
{ -1.02944 2.38213 1.29161 1  }

フレーム番号22 : 
{ -0.185902 -0.97621 0.111598 0  }
{ -0.75204 0.214462 0.623252 0  }
{ -0.632358 0.0319377 -0.774018 0  }
{ -1.03086 2.39032 1.29282 1  }

フレーム番号23 : 
{ -0.216956 -0.966403 0.137822 0  }
{ -0.744192 0.25511 0.617331 0  }
{ -0.63175 0.0313681 -0.774537 0  }
{ -1.03211 2.39856 1.29389 1  }

フレーム番号24 : 
{ -0.251564 -0.953324 0.167 0  }
{ -0.733731 0.300376 0.609436 0  }
{ -0.631153 0.0307785 -0.775048 0  }
{ -1.03321 2.40683 1.29483 1  }

フレーム番号25 : 
{ -0.288933 -0.936547 0.198488 0  }
{ -0.720349 0.349241 0.599273 0  }
{ -0.630567 0.0301693 -0.775548 0  }
{ -1.03415 2.41515 1.29563 1  }

フレーム番号26 : 
{ -0.328248 -0.915755 0.231615 0  }
{ -0.703819 0.400649 0.586617 0  }
{ -0.629994 0.0295407 -0.776038 0  }
{ -1.03492 2.42349 1.2963 1  }

フレーム番号27 : 
{ -0.368682 -0.890773 0.265702 0  }
{ -0.684024 0.453529 0.571334 0  }
{ -0.629432 0.0288933 -0.776518 0  }
{ -1.03554 2.43185 1.29682 1  }

フレーム番号28 : 
{ -0.409413 -0.86159 0.300073 0  }
{ -0.660974 0.50682 0.553396 0  }
{ -0.628883 0.0282275 -0.776987 0  }
{ -1.036 2.44023 1.29721 1  }

フレーム番号29 : 
{ -0.449655 -0.828376 0.334073 0  }
{ -0.634815 0.559496 0.532893 0  }
{ -0.628348 0.0275436 -0.777445 0  }
{ -1.03629 2.44862 1.29747 1  }

フレーム番号30 : 
{ -0.488672 -0.791483 0.367089 0  }
{ -0.605834 0.610602 0.51003 0  }
{ -0.627825 0.0268421 -0.777892 0  }
{ -1.03643 2.45702 1.29758 1  }

フレーム番号31 : 
{ -0.525809 -0.751443 0.398571 0  }
{ -0.574456 0.659281 0.485128 0  }
{ -0.627316 0.0261234 -0.778326 0  }
{ -1.0364 2.46542 1.29756 1  }

フレーム番号32 : 
{ -0.560508 -0.708948 0.428045 0  }
{ -0.541226 0.704803 0.458614 0  }
{ -0.626821 0.0253881 -0.778749 0  }
{ -1.03621 2.47382 1.2974 1  }

フレーム番号33 : 
{ -0.592327 -0.664835 0.45513 0  }
{ -0.5068 0.746584 0.431006 0  }
{ -0.626341 0.0246366 -0.77916 0  }
{ -1.03586 2.48221 1.2971 1  }

フレーム番号34 : 
{ -0.620946 -0.62005 0.479546 0  }
{ -0.471919 0.784199 0.402895 0  }
{ -0.625875 0.0238693 -0.779558 0  }
{ -1.03535 2.49059 1.29666 1  }

フレーム番号35 : 
{ -0.646173 -0.575625 0.501116 0  }
{ -0.437386 0.817388 0.374927 0  }
{ -0.625423 0.0230868 -0.779944 0  }
{ -1.03468 2.49894 1.29609 1  }

フレーム番号36 : 
{ -0.667938 -0.532639 0.519764 0  }
{ -0.404041 0.846049 0.34778 0  }
{ -0.624987 0.0222895 -0.780317 0  }
{ -1.03385 2.50727 1.29537 1  }

フレーム番号37 : 
{ -0.686279 -0.492193 0.535505 0  }
{ -0.372742 0.870221 0.322148 0  }
{ -0.624567 0.021478 -0.780676 0  }
{ -1.03285 2.51557 1.29453 1  }

フレーム番号38 : 
{ -0.701322 -0.455385 0.548427 0  }
{ -0.344339 0.890055 0.298719 0  }
{ -0.624162 0.0206527 -0.781022 0  }
{ -1.0317 2.52384 1.29354 1  }

フレーム番号39 : 
{ -0.713247 -0.423283 0.558668 0  }
{ -0.319664 0.905781 0.278165 0  }
{ -0.623773 0.0198143 -0.781354 0  }
{ -1.03039 2.53206 1.29242 1  }

フレーム番号40 : 
{ -0.722262 -0.396911 0.566391 0  }
{ -0.299514 0.917661 0.261131 0  }
{ -0.623401 0.0189632 -0.781672 0  }
{ -1.02893 2.54024 1.29117 1  }

フレーム番号41 : 
{ -0.72952 -0.374089 0.572589 0  }
{ -0.28217 0.927216 0.246272 0  }
{ -0.623042 0.0180926 -0.781979 0  }
{ -1.02729 2.54843 1.28977 1  }

フレーム番号42 : 
{ -0.735983 -0.352318 0.578102 0  }
{ -0.265659 0.935722 0.232055 0  }
{ -0.6227 0.0172102 -0.782272 0  }
{ -1.02549 2.55657 1.28823 1  }

フレーム番号43 : 
{ -0.741754 -0.3315 0.583017 0  }
{ -0.249902 0.943314 0.21842 0  }
{ -0.622375 0.0163167 -0.782549 0  }
{ -1.02354 2.56464 1.28656 1  }

フレーム番号44 : 
{ -0.746923 -0.31153 0.587414 0  }
{ -0.234816 0.950111 0.205305 0  }
{ -0.622067 0.0154125 -0.782812 0  }
{ -1.02143 2.57265 1.28476 1  }

フレーム番号45 : 
{ -0.751569 -0.292293 0.591361 0  }
{ -0.220309 0.956219 0.192638 0  }
{ -0.621778 0.0144983 -0.78306 0  }
{ -1.01916 2.58058 1.28283 1  }

フレーム番号46 : 
{ -0.755763 -0.273667 0.594919 0  }
{ -0.206285 0.961729 0.180345 0  }
{ -0.621505 0.0135747 -0.783292 0  }
{ -1.01675 2.58844 1.28076 1  }

フレーム番号47 : 
{ -0.759562 -0.255526 0.59814 0  }
{ -0.192645 0.96672 0.168348 0  }
{ -0.621251 0.0126423 -0.783509 0  }
{ -1.01418 2.59621 1.27857 1  }

フレーム番号48 : 
{ -0.763019 -0.237736 0.601069 0  }
{ -0.179283 0.971259 0.156566 0  }
{ -0.621016 0.0117017 -0.783711 0  }
{ -1.01146 2.60389 1.27624 1  }

フレーム番号49 : 
{ -0.766174 -0.220163 0.603743 0  }
{ -0.166093 0.975404 0.144916 0  }
{ -0.620798 0.0107535 -0.783897 0  }
{ -1.00859 2.61148 1.27379 1  }

フレーム番号50 : 
{ -0.769064 -0.202666 0.606191 0  }
{ -0.152964 0.979199 0.13331 0  }
{ -0.620599 0.00979824 -0.784067 0  }
{ -1.00558 2.61897 1.27122 1  }

フレーム番号51 : 
{ -0.771713 -0.185105 0.608437 0  }
{ -0.139787 0.982679 0.121662 0  }
{ -0.620418 0.00883665 -0.784221 0  }
{ -1.00242 2.62636 1.26852 1  }

フレーム番号52 : 
{ -0.77414 -0.167334 0.610496 0  }
{ -0.126446 0.985869 0.109882 0  }
{ -0.620256 0.00786932 -0.78436 0  }
{ -0.999126 2.63364 1.2657 1  }

フレーム番号53 : 
{ -0.776356 -0.149209 0.612378 0  }
{ -0.112828 0.988782 0.0978809 0  }
{ -0.620113 0.00689688 -0.784482 0  }
{ -0.995688 2.6408 1.26276 1  }

フレーム番号54 : 
{ -0.778363 -0.130581 0.614085 0  }
{ -0.0988172 0.99142 0.0855669 0  }
{ -0.619989 0.00591995 -0.784588 0  }
{ -0.992111 2.64785 1.25971 1  }

フレーム番号55 : 
{ -0.780153 -0.111304 0.615608 0  }
{ -0.0842969 0.993774 0.0728486 0  }
{ -0.619884 0.00493918 -0.784678 0  }
{ -0.9884 2.65478 1.25654 1  }

フレーム番号56 : 
{ -0.781709 -0.0912276 0.616935 0  }
{ -0.0691509 0.995822 0.0596345 0  }
{ -0.619798 0.0039552 -0.784752 0  }
{ -0.984555 2.66157 1.25325 1  }

フレーム番号57 : 
{ -0.783005 -0.0702051 0.618041 0  }
{ -0.0532629 0.997528 0.0458327 0  }
{ -0.619731 0.00296865 -0.784809 0  }
{ -0.98058 2.66824 1.24985 1  }

フレーム番号58 : 
{ -0.784002 -0.0480893 0.618892 0  }
{ -0.0365174 0.998841 0.0313526 0  }
{ -0.619683 0.00198017 -0.78485 0  }
{ -0.976477 2.67478 1.24635 1  }

フレーム番号59 : 
{ -0.78465 -0.024735 0.619445 0  }
{ -0.0188004 0.999694 0.0161043 0  }
{ -0.619654 0.000990409 -0.784875 0  }
{ -0.972249 2.68117 1.24273 1  }

フレーム番号60 : 
{ -0.784883 0 0.619644 0  }
{ 0 1 2.46519e-32 0  }
{ -0.619644 0 -0.784883 0  }
{ -0.967898 2.68742 1.23902 1  }

フレーム番号61 : 
{ -0.783904 -0.050706 0.618808 0  }
{ -0.0385765 0.998712 0.0329673 0  }
{ -0.619682 0.0019718 -0.78485 0  }
{ -0.976442 2.67483 1.24632 1  }

フレーム番号62 : 
{ -0.780971 -0.101281 0.616301 0  }
{ -0.0770535 0.99485 0.0658497 0  }
{ -0.619796 0.00393851 -0.784753 0  }
{ -0.984489 2.66169 1.25319 1  }

フレーム番号63 : 
{ -0.77609 -0.151596 0.61213 0  }
{ -0.115332 0.988425 0.0985624 0  }
{ -0.619986 0.00589508 -0.784591 0  }
{ -0.992019 2.64803 1.25963 1  }

フレーム番号64 : 
{ -0.769275 -0.20152 0.606306 0  }
{ -0.153313 0.979453 0.131021 0  }
{ -0.620251 0.00783646 -0.784364 0  }
{ -0.999012 2.63388 1.26561 1  }

フレーム番号65 : 
{ -0.760542 -0.250924 0.598843 0  }
{ -0.1909 0.967958 0.163142 0  }
{ -0.620591 0.00975765 -0.784074 0  }
{ -1.00545 2.61929 1.27111 1  }

フレーム番号66 : 
{ -0.749915 -0.299682 0.589761 0  }
{ -0.227994 0.953968 0.194843 0  }
{ -0.621004 0.0116537 -0.783721 0  }
{ -1.01132 2.60428 1.27612 1  }

フレーム番号67 : 
{ -0.737421 -0.347668 0.579083 0  }
{ -0.264501 0.93752 0.226042 0  }
{ -0.62149 0.0135197 -0.783305 0  }
{ -1.0166 2.5889 1.28063 1  }

フレーム番号68 : 
{ -0.723091 -0.394758 0.566838 0  }
{ -0.300327 0.918657 0.256658 0  }
{ -0.622047 0.0153509 -0.782829 0  }
{ -1.02128 2.57319 1.28463 1  }

フレーム番号69 : 
{ -0.706964 -0.440831 0.553055 0  }
{ -0.335378 0.897426 0.286613 0  }
{ -0.622674 0.0171425 -0.782293 0  }
{ -1.02535 2.55719 1.28811 1  }

フレーム番号70 : 
{ -0.68908 -0.485768 0.537772 0  }
{ -0.369566 0.873884 0.31583 0  }
{ -0.62337 0.01889 -0.781699 0  }
{ -1.02879 2.54093 1.29106 1  }

フレーム番号71 : 
{ -0.669486 -0.529453 0.521026 0  }
{ -0.402801 0.848089 0.344232 0  }
{ -0.624132 0.0205888 -0.781048 0  }
{ -1.03161 2.52447 1.29346 1  }

フレーム番号72 : 
{ -0.648231 -0.571774 0.502862 0  }
{ -0.434998 0.82011 0.371748 0  }
{ -0.624958 0.0222345 -0.780342 0  }
{ -1.03378 2.50784 1.29532 1  }

フレーム番号73 : 
{ -0.625372 -0.612622 0.483327 0  }
{ -0.466075 0.790017 0.398306 0  }
{ -0.625847 0.0238229 -0.779582 0  }
{ -1.03531 2.49109 1.29663 1  }

フレーム番号74 : 
{ -0.600966 -0.651891 0.462469 0  }
{ -0.49595 0.757888 0.423838 0  }
{ -0.626796 0.02535 -0.778771 0  }
{ -1.0362 2.47425 1.29738 1  }

フレーム番号75 : 
{ -0.575076 -0.689481 0.440344 0  }
{ -0.524548 0.723807 0.448277 0  }
{ -0.627803 0.0268117 -0.77791 0  }
{ -1.03643 2.45738 1.29758 1  }

フレーム番号76 : 
{ -0.54777 -0.725294 0.417009 0  }
{ -0.551794 0.687861 0.471562 0  }
{ -0.628865 0.0282044 -0.777003 0  }
{ -1.03601 2.44051 1.29722 1  }

フレーム番号77 : 
{ -0.519118 -0.759238 0.392522 0  }
{ -0.577619 0.650142 0.493631 0  }
{ -0.629979 0.0295244 -0.776051 0  }
{ -1.03494 2.4237 1.29631 1  }

フレーム番号78 : 
{ -0.489193 -0.791227 0.366948 0  }
{ -0.601955 0.610749 0.514428 0  }
{ -0.631143 0.0307683 -0.775056 0  }
{ -1.03323 2.40698 1.29484 1  }

フレーム番号79 : 
{ -0.458072 -0.821176 0.340353 0  }
{ -0.62474 0.569781 0.5339 0  }
{ -0.632353 0.0319329 -0.774022 0  }
{ -1.03087 2.39039 1.29283 1  }

フレーム番号80 : 
{ -0.425837 -0.849009 0.312805 0  }
{ -0.645915 0.527346 0.551997 0  }
{ -0.633606 0.0330153 -0.772951 0  }
{ -1.02787 2.37398 1.29027 1  }

フレーム番号81 : 
{ -0.44202 -0.835421 0.326635 0  }
{ -0.635577 0.54865 0.543162 0  }
{ -0.632977 0.0324869 -0.773489 0  }
{ -1.02944 2.38213 1.29161 1  }

フレーム番号82 : 
{ -0.457937 -0.821299 0.340238 0  }
{ -0.624833 0.569604 0.53398 0  }
{ -0.632358 0.0319377 -0.774018 0  }
{ -1.03086 2.39032 1.29282 1  }

フレーム番号83 : 
{ -0.473578 -0.806652 0.353605 0  }
{ -0.61369 0.590194 0.524458 0  }
{ -0.63175 0.0313681 -0.774537 0  }
{ -1.03211 2.39856 1.29389 1  }

フレーム番号84 : 
{ -0.488933 -0.79149 0.366727 0  }
{ -0.602155 0.610407 0.5146 0  }
{ -0.631153 0.0307785 -0.775048 0  }
{ -1.03321 2.40683 1.29483 1  }

フレーム番号85 : 
{ -0.503991 -0.775822 0.379595 0  }
{ -0.590235 0.63023 0.504413 0  }
{ -0.630567 0.0301693 -0.775548 0  }
{ -1.03415 2.41515 1.29563 1  }

フレーム番号86 : 
{ -0.518744 -0.759659 0.392203 0  }
{ -0.577939 0.64965 0.493904 0  }
{ -0.629994 0.0295407 -0.776038 0  }
{ -1.03492 2.42349 1.2963 1  }

フレーム番号87 : 
{ -0.533181 -0.743011 0.404541 0  }
{ -0.565273 0.668656 0.48308 0  }
{ -0.629432 0.0288933 -0.776518 0  }
{ -1.03554 2.43185 1.29682 1  }

フレーム番号88 : 
{ -0.547294 -0.725887 0.416602 0  }
{ -0.552245 0.687234 0.471947 0  }
{ -0.628883 0.0282275 -0.776987 0  }
{ -1.036 2.44023 1.29721 1  }

フレーム番号89 : 
{ -0.561073 -0.708301 0.428377 0  }
{ -0.538866 0.705373 0.460513 0  }
{ -0.628348 0.0275436 -0.777445 0  }
{ -1.03629 2.44862 1.29747 1  }

フレーム番号90 : 
{ -0.57451 -0.690261 0.439861 0  }
{ -0.525142 0.723062 0.448784 0  }
{ -0.627825 0.0268421 -0.777892 0  }
{ -1.03643 2.45702 1.29758 1  }

フレーム番号91 : 
{ -0.587596 -0.671781 0.451044 0  }
{ -0.511082 0.740289 0.436769 0  }
{ -0.627316 0.0261234 -0.778326 0  }
{ -1.0364 2.46542 1.29756 1  }

フレーム番号92 : 
{ -0.600323 -0.652872 0.46192 0  }
{ -0.496696 0.757043 0.424475 0  }
{ -0.626821 0.0253881 -0.778749 0  }
{ -1.03621 2.47382 1.2974 1  }

フレーム番号93 : 
{ -0.612683 -0.633545 0.472483 0  }
{ -0.481993 0.773313 0.41191 0  }
{ -0.626341 0.0246366 -0.77916 0  }
{ -1.03586 2.48221 1.2971 1  }

フレーム番号94 : 
{ -0.624667 -0.613814 0.482725 0  }
{ -0.466982 0.78909 0.399081 0  }
{ -0.625875 0.0238693 -0.779558 0  }
{ -1.03535 2.49059 1.29666 1  }

フレーム番号95 : 
{ -0.636269 -0.593691 0.492639 0  }
{ -0.451672 0.804362 0.385998 0  }
{ -0.625423 0.0230868 -0.779944 0  }
{ -1.03468 2.49894 1.29609 1  }

フレーム番号96 : 
{ -0.64748 -0.573189 0.50222 0  }
{ -0.436074 0.81912 0.372668 0  }
{ -0.624987 0.0222895 -0.780317 0  }
{ -1.03385 2.50727 1.29537 1  }

フレーム番号97 : 
{ -0.658293 -0.55232 0.511461 0  }
{ -0.420198 0.833355 0.3591 0  }
{ -0.624567 0.021478 -0.780676 0  }
{ -1.03285 2.51557 1.29453 1  }

フレーム番号98 : 
{ -0.668702 -0.531098 0.520357 0  }
{ -0.404053 0.847058 0.345302 0  }
{ -0.624162 0.0206527 -0.781022 0  }
{ -1.0317 2.52384 1.29354 1  }

フレーム番号99 : 
{ -0.678701 -0.509538 0.528901 0  }
{ -0.38765 0.86022 0.331284 0  }
{ -0.623773 0.0198143 -0.781354 0  }
{ -1.03039 2.53206 1.29242 1  }

フレーム番号100 : 
{ -0.688281 -0.487652 0.537089 0  }
{ -0.370999 0.872832 0.317054 0  }
{ -0.623401 0.0189632 -0.781672 0  }
{ -1.02893 2.54024 1.29117 1  }

フレーム番号101 : 
{ -0.697515 -0.465263 0.54498 0  }
{ -0.353966 0.884988 0.302498 0  }
{ -0.623042 0.0180926 -0.781979 0  }
{ -1.02729 2.54843 1.28977 1  }

フレーム番号102 : 
{ -0.706312 -0.442572 0.552498 0  }
{ -0.336703 0.896568 0.287745 0  }
{ -0.6227 0.0172102 -0.782272 0  }
{ -1.02549 2.55657 1.28823 1  }

フレーム番号103 : 
{ -0.714666 -0.419594 0.559637 0  }
{ -0.319221 0.907565 0.272805 0  }
{ -0.622375 0.0163167 -0.782549 0  }
{ -1.02354 2.56464 1.28656 1  }

フレーム番号104 : 
{ -0.722572 -0.396343 0.566394 0  }
{ -0.301532 0.917973 0.257688 0  }
{ -0.622067 0.0154125 -0.782812 0  }
{ -1.02143 2.57265 1.28476 1  }

フレーム番号105 : 
{ -0.730025 -0.372834 0.572763 0  }
{ -0.283647 0.927785 0.242404 0  }
{ -0.621778 0.0144983 -0.78306 0  }
{ -1.01916 2.58058 1.28283 1  }

フレーム番号106 : 
{ -0.737021 -0.349083 0.578741 0  }
{ -0.265578 0.936993 0.226962 0  }
{ -0.621505 0.0135747 -0.783292 0  }
{ -1.01675 2.58844 1.28076 1  }

フレーム番号107 : 
{ -0.743553 -0.325105 0.584324 0  }
{ -0.247336 0.945593 0.211372 0  }
{ -0.621251 0.0126423 -0.783509 0  }
{ -1.01418 2.59621 1.27857 1  }

フレーム番号108 : 
{ -0.749619 -0.300916 0.589508 0  }
{ -0.228933 0.953579 0.195646 0  }
{ -0.621016 0.0117017 -0.783711 0  }
{ -1.01146 2.60389 1.27624 1  }

フレーム番号109 : 
{ -0.755215 -0.276532 0.59429 0  }
{ -0.210382 0.960945 0.179792 0  }
{ -0.620798 0.0107535 -0.783897 0  }
{ -1.00859 2.61148 1.27379 1  }

フレーム番号110 : 
{ -0.760336 -0.251968 0.598667 0  }
{ -0.191694 0.967686 0.163821 0  }
{ -0.620599 0.00979824 -0.784067 0  }
{ -1.00558 2.61897 1.27122 1  }

フレーム番号111 : 
{ -0.764979 -0.22724 0.602635 0  }
{ -0.172881 0.973799 0.147744 0  }
{ -0.620418 0.00883665 -0.784221 0  }
{ -1.00242 2.62636 1.26852 1  }

フレーム番号112 : 
{ -0.769142 -0.202365 0.606192 0  }
{ -0.153956 0.979279 0.131571 0  }
{ -0.620256 0.00786932 -0.78436 0  }
{ -0.999126 2.63364 1.2657 1  }

フレーム番号113 : 
{ -0.772821 -0.177358 0.609337 0  }
{ -0.134931 0.984122 0.115312 0  }
{ -0.620113 0.00689688 -0.784482 0  }
{ -0.995688 2.6408 1.26276 1  }

フレーム番号114 : 
{ -0.776015 -0.152235 0.612066 0  }
{ -0.115819 0.988327 0.0989782 0  }
{ -0.619989 0.00591995 -0.784588 0  }
{ -0.992111 2.64785 1.25971 1  }

フレーム番号115 : 
{ -0.778721 -0.127014 0.614379 0  }
{ -0.0966307 0.991889 0.0825803 0  }
{ -0.619884 0.00493918 -0.784678 0  }
{ -0.9884 2.65478 1.25654 1  }

フレーム番号116 : 
{ -0.780937 -0.101711 0.616273 0  }
{ -0.07738 0.994806 0.0661287 0  }
{ -0.619798 0.0039552 -0.784752 0  }
{ -0.984555 2.66157 1.25325 1  }

フレーム番号117 : 
{ -0.782663 -0.0763408 0.617747 0  }
{ -0.0580791 0.997077 0.0496342 0  }
{ -0.619731 0.00296865 -0.784809 0  }
{ -0.98058 2.66824 1.24985 1  }

フレーム番号118 : 
{ -0.783896 -0.0509214 0.618801 0  }
{ -0.0387403 0.998701 0.0331074 0  }
{ -0.619683 0.00198017 -0.78485 0  }
{ -0.976477 2.67478 1.24635 1  }

フレーム番号119 : 
{ -0.784636 -0.025469 0.619433 0  }
{ -0.0193765 0.999675 0.0165591 0  }
{ -0.619654 0.000990409 -0.784875 0  }
{ -0.972249 2.68117 1.24273 1  }

フレーム番号120 : 
{ -0.784883 0 0.619644 0  }
{ 0 1 2.46519e-32 0  }
{ -0.619644 0 -0.784883 0  }
{ -0.967898 2.68742 1.23902 1  }

