
[MeshData]

ボーン番号 : 14

ボーン名 : {  }

オフセット行列 : 
{ -0.838961 1.02743e-16 0.544191 0  }
{ 5.58205e-17 1 -1.02743e-16 0  }
{ -0.544191 -5.58205e-17 -0.838961 0  }
{ -1.12708 2.56258 1.30489 1  }

アニメーション行列 : 
フレーム番号0 : 
{ -0.838961 2.16072e-32 0.544191 0  }
{ -6.16298e-32 1 -1.2326e-32 0  }
{ -0.544191 1.84889e-32 -0.838961 0  }
{ -1.12708 2.56258 1.30489 1  }

フレーム番号1 : 
{ -0.838695 -0.0274652 0.543908 0  }
{ -0.0191927 0.999598 0.020881 0  }
{ -0.544263 0.00707373 -0.838885 0  }
{ -1.13055 2.54744 1.30855 1  }

フレーム番号2 : 
{ -0.837779 -0.0577284 0.542949 0  }
{ -0.0400754 0.998214 0.044297 0  }
{ -0.544536 0.0153522 -0.838597 0  }
{ -1.13406 2.52972 1.31215 1  }

フレーム番号3 : 
{ -0.836044 -0.090349 0.541172 0  }
{ -0.0623507 0.995604 0.0698927 0  }
{ -0.545108 0.0246909 -0.838002 0  }
{ -1.13736 2.50963 1.31546 1  }

フレーム番号4 : 
{ -0.833339 -0.124875 0.538472 0  }
{ -0.0857117 0.991557 0.0973013 0  }
{ -0.546077 0.0349316 -0.837007 0  }
{ -1.14018 2.48743 1.31822 1  }

フレーム番号5 : 
{ -0.82954 -0.160847 0.534782 0  }
{ -0.109844 0.985911 0.126146 0  }
{ -0.547538 0.0459004 -0.835521 0  }
{ -1.14228 2.46339 1.32022 1  }

フレーム番号6 : 
{ -0.824558 -0.197799 0.530075 0  }
{ -0.134429 0.97856 0.156042 0  }
{ -0.549575 0.0574082 -0.83347 0  }
{ -1.14343 2.43784 1.32123 1  }

フレーム番号7 : 
{ -0.818348 -0.235269 0.524361 0  }
{ -0.159148 0.96946 0.1866 0  }
{ -0.552248 0.0692533 -0.830798 0  }
{ -1.14341 2.41114 1.32109 1  }

フレーム番号8 : 
{ -0.810909 -0.272801 0.517693 0  }
{ -0.183686 0.958635 0.217435 0  }
{ -0.555595 0.0812268 -0.827476 0  }
{ -1.14209 2.38368 1.31965 1  }

フレーム番号9 : 
{ -0.802289 -0.309951 0.510159 0  }
{ -0.207739 0.946181 0.248164 0  }
{ -0.559622 0.0931194 -0.8235 0  }
{ -1.13938 2.35588 1.31685 1  }

フレーム番号10 : 
{ -0.792586 -0.346293 0.501885 0  }
{ -0.231017 0.932262 0.278422 0  }
{ -0.564304 0.10473 -0.818898 0  }
{ -1.13525 2.32815 1.31267 1  }

フレーム番号11 : 
{ -0.781947 -0.381425 0.493026 0  }
{ -0.253246 0.917109 0.30786 0  }
{ -0.569584 0.115873 -0.813725 0  }
{ -1.12974 2.30091 1.30717 1  }

フレーム番号12 : 
{ -0.770564 -0.414969 0.483768 0  }
{ -0.274178 0.901014 0.336155 0  }
{ -0.575376 0.12639 -0.808065 0  }
{ -1.12297 2.27453 1.30044 1  }

フレーム番号13 : 
{ -0.758675 -0.446577 0.474322 0  }
{ -0.293585 0.884325 0.363011 0  }
{ -0.581567 0.136153 -0.802024 0  }
{ -1.11511 2.24934 1.29268 1  }

フレーム番号14 : 
{ -0.746553 -0.475932 0.464917 0  }
{ -0.311264 0.867434 0.388166 0  }
{ -0.588025 0.145074 -0.795726 0  }
{ -1.10639 2.22561 1.28409 1  }

フレーム番号15 : 
{ -0.734504 -0.502743 0.455799 0  }
{ -0.327035 0.850769 0.411388 0  }
{ -0.594603 0.153104 -0.789308 0  }
{ -1.09708 2.20353 1.27493 1  }

フレーム番号16 : 
{ -0.722859 -0.526749 0.447225 0  }
{ -0.340738 0.834782 0.432478 0  }
{ -0.601143 0.160234 -0.782913 0  }
{ -1.08749 2.18323 1.26549 1  }

フレーム番号17 : 
{ -0.711964 -0.547709 0.439457 0  }
{ -0.35223 0.819936 0.451264 0  }
{ -0.607488 0.166494 -0.776684 0  }
{ -1.07794 2.16475 1.25606 1  }

フレーム番号18 : 
{ -0.702173 -0.565396 0.432758 0  }
{ -0.361374 0.806698 0.467597 0  }
{ -0.613483 0.171947 -0.770761 0  }
{ -1.06876 2.14808 1.24695 1  }

フレーム番号19 : 
{ -0.693838 -0.579593 0.427388 0  }
{ -0.368039 0.795523 0.481342 0  }
{ -0.61898 0.176678 -0.765277 0  }
{ -1.06027 2.13313 1.23845 1  }

フレーム番号20 : 
{ -0.687296 -0.590076 0.423596 0  }
{ -0.372086 0.786845 0.492369 0  }
{ -0.62384 0.180789 -0.760355 0  }
{ -1.05277 2.11981 1.23084 1  }

フレーム番号21 : 
{ -0.70632 -0.548964 0.446936 0  }
{ -0.339965 0.81684 0.466043 0  }
{ -0.620916 0.177233 -0.763579 0  }
{ -1.05663 2.1309 1.23512 1  }

フレーム番号22 : 
{ -0.728427 -0.494939 0.473741 0  }
{ -0.297971 0.851508 0.431448 0  }
{ -0.616935 0.173118 -0.767738 0  }
{ -1.06233 2.14375 1.24106 1  }

フレーム番号23 : 
{ -0.751445 -0.428268 0.501914 0  }
{ -0.246424 0.887832 0.388624 0  }
{ -0.61205 0.168346 -0.772693 0  }
{ -1.06952 2.15847 1.24836 1  }

フレーム番号24 : 
{ -0.773104 -0.349543 0.529273 0  }
{ -0.185877 0.922667 0.33784 0  }
{ -0.606432 0.162805 -0.778289 0  }
{ -1.07785 2.17516 1.25665 1  }

フレーム番号25 : 
{ -0.791167 -0.259823 0.553667 0  }
{ -0.11721 0.952909 0.27969 0  }
{ -0.600264 0.156387 -0.784364 0  }
{ -1.08691 2.19391 1.26559 1  }

フレーム番号26 : 
{ -0.803577 -0.160708 0.573095 0  }
{ -0.041686 0.97569 0.215154 0  }
{ -0.59374 0.149003 -0.790741 0  }
{ -1.09629 2.21477 1.27477 1  }

フレーム番号27 : 
{ -0.8086 -0.0543394 0.585844 0  }
{ 0.0390498 0.988574 0.145592 0  }
{ -0.587061 0.140603 -0.797239 0  }
{ -1.10557 2.23771 1.28383 1  }

フレーム番号28 : 
{ -0.804963 0.056676 0.590612 0  }
{ 0.123027 0.989737 0.0727003 0  }
{ -0.58043 0.131182 -0.803674 0  }
{ -1.11435 2.2626 1.29239 1  }

フレーム番号29 : 
{ -0.791957 0.169405 0.586606 0  }
{ 0.208052 0.978117 -0.00158511 0  }
{ -0.574038 0.120789 -0.809871 0  }
{ -1.12228 2.28922 1.30012 1  }

フレーム番号30 : 
{ -0.769501 0.28078 0.573611 0  }
{ 0.291849 0.953502 -0.0752185 0  }
{ -0.56806 0.109527 -0.815667 0  }
{ -1.12905 2.31723 1.30672 1  }

フレーム番号31 : 
{ -0.738163 0.38782 0.552006 0  }
{ 0.372221 0.916558 -0.146194 0  }
{ -0.562642 0.0975531 -0.820925 0  }
{ -1.13442 2.34624 1.31198 1  }

フレーム番号32 : 
{ -0.699116 0.487842 0.52273 0  }
{ 0.447199 0.868777 -0.212695 0  }
{ -0.557898 0.0850665 -0.825539 0  }
{ -1.13824 2.37576 1.31574 1  }

フレーム番号33 : 
{ -0.654053 0.578651 0.487215 0  }
{ 0.515183 0.812364 -0.273223 0  }
{ -0.553897 0.0723028 -0.82944 0  }
{ -1.14048 2.40527 1.31795 1  }

フレーム番号34 : 
{ -0.605068 0.65867 0.447266 0  }
{ 0.57503 0.750074 -0.326694 0  }
{ -0.550667 0.0595194 -0.832601 0  }
{ -1.14115 2.43426 1.31865 1  }

フレーム番号35 : 
{ -0.554511 0.72701 0.404936 0  }
{ 0.626102 0.685018 -0.372488 0  }
{ -0.548191 0.0469825 -0.835032 0  }
{ -1.1404 2.46218 1.31793 1  }

フレーム番号36 : 
{ -0.504847 0.783456 0.36239 0  }
{ 0.668252 0.620464 -0.410445 0  }
{ -0.546415 0.0349557 -0.836785 0  }
{ -1.13844 2.48856 1.31599 1  }

フレーム番号37 : 
{ -0.458522 0.82838 0.321782 0  }
{ 0.701755 0.559665 -0.440812 0  }
{ -0.54525 0.0236903 -0.837939 0  }
{ -1.13552 2.51295 1.31307 1  }

フレーム番号38 : 
{ -0.417864 0.862596 0.285164 0  }
{ 0.727198 0.505716 -0.464149 0  }
{ -0.544585 0.0134193 -0.838598 0  }
{ -1.13197 2.53497 1.30945 1  }

フレーム番号39 : 
{ -0.385009 0.887153 0.254415 0  }
{ 0.745323 0.461454 -0.4812 0  }
{ -0.544299 0.00435504 -0.83888 0  }
{ -1.12809 2.55426 1.30545 1  }

フレーム番号40 : 
{ -0.361865 0.903103 0.231211 0  }
{ 0.756851 0.429411 -0.49273 0  }
{ -0.544271 -0.00330919 -0.838903 0  }
{ -1.12421 2.57054 1.30135 1  }

フレーム番号41 : 
{ -0.378463 0.894621 0.237525 0  }
{ 0.749228 0.446769 -0.488932 0  }
{ -0.543528 -0.0070823 -0.839361 0  }
{ -1.12518 2.56744 1.30156 1  }

フレーム番号42 : 
{ -0.421588 0.870891 0.252613 0  }
{ 0.727657 0.491145 -0.478844 0  }
{ -0.541091 -0.018059 -0.84077 0  }
{ -1.12731 2.56073 1.30157 1  }

フレーム番号43 : 
{ -0.484155 0.830884 0.274272 0  }
{ 0.691291 0.555394 -0.462227 0  }
{ -0.536387 -0.0341879 -0.84328 0  }
{ -1.13011 2.55125 1.30128 1  }

フレーム番号44 : 
{ -0.558366 0.773457 0.299986 0  }
{ 0.639112 0.631601 -0.438882 0  }
{ -0.528927 -0.0533322 -0.84699 0  }
{ -1.13313 2.53984 1.30058 1  }

フレーム番号45 : 
{ -0.636207 0.698694 0.327211 0  }
{ 0.571149 0.711648 -0.40908 0  }
{ -0.518681 -0.0733733 -0.851814 0  }
{ -1.13599 2.52741 1.29943 1  }

フレーム番号46 : 
{ -0.710162 0.608713 0.35375 0  }
{ 0.489243 0.787996 -0.373771 0  }
{ -0.506273 -0.0923676 -0.857413 0  }
{ -1.1384 2.51489 1.2979 1  }

フレーム番号47 : 
{ -0.774014 0.507865 0.378122 0  }
{ 0.397287 0.85455 -0.334524 0  }
{ -0.493017 -0.108703 -0.863202 0  }
{ -1.14024 2.50326 1.29617 1  }

フレーム番号48 : 
{ -0.823557 0.402382 0.399804 0  }
{ 0.300988 0.907416 -0.293261 0  }
{ -0.480792 -0.121181 -0.868421 0  }
{ -1.14149 2.49347 1.29452 1  }

フレーム番号49 : 
{ -0.856992 0.299643 0.419259 0  }
{ 0.207289 0.945296 -0.251887 0  }
{ -0.4718 -0.128958 -0.872224 0  }
{ -1.14224 2.48649 1.29332 1  }

フレーム番号50 : 
{ -0.874896 0.207352 0.437678 0  }
{ 0.123708 0.969413 -0.211978 0  }
{ -0.468245 -0.131314 -0.873787 0  }
{ -1.14258 2.48327 1.29295 1  }

フレーム番号51 : 
{ -0.879939 0.132907 0.456117 0  }
{ 0.0575828 0.98283 -0.175297 0  }
{ -0.471584 -0.127986 -0.872484 0  }
{ -1.14256 2.48478 1.29366 1  }

フレーム番号52 : 
{ -0.876876 0.0774176 0.474442 0  }
{ 0.0104412 0.989781 -0.142211 0  }
{ -0.480603 -0.119748 -0.868724 0  }
{ -1.14218 2.49067 1.29524 1  }

フレーム番号53 : 
{ -0.869809 0.0384885 0.491885 0  }
{ -0.0194705 0.993498 -0.112168 0  }
{ -0.493004 -0.107142 -0.863405 0  }
{ -1.1413 2.49983 1.29728 1  }

フレーム番号54 : 
{ -0.861563 0.0134204 0.507474 0  }
{ -0.0345879 0.995776 -0.0850553 0  }
{ -0.506472 -0.0908329 -0.857459 0  }
{ -1.1398 2.51114 1.2994 1  }

フレーム番号55 : 
{ -0.853916 -0.000557854 0.52041 0  }
{ -0.0378813 0.997413 -0.0610884 0  }
{ -0.51903 -0.0718782 -0.851729 0  }
{ -1.13765 2.52349 1.30127 1  }

フレーム番号56 : 
{ -0.8478 -0.00619487 0.53028 0  }
{ -0.0327167 0.998638 -0.0406403 0  }
{ -0.529306 -0.0518038 -0.846848 0  }
{ -1.13499 2.53573 1.30271 1  }

フレーム番号57 : 
{ -0.843485 -0.00621191 0.537117 0  }
{ -0.022697 0.999452 -0.0240842 0  }
{ -0.536673 -0.0325056 -0.843164 0  }
{ -1.13212 2.54678 1.30368 1  }

フレーム番号58 : 
{ -0.840805 -0.0033368 0.541327 0  }
{ -0.0115017 0.999865 -0.0117015 0  }
{ -0.541215 -0.0160649 -0.840731 0  }
{ -1.12949 2.5556 1.30427 1  }

フレーム番号59 : 
{ -0.8394 -0.00033322 0.543514 0  }
{ -0.00276294 0.99999 -0.003654 0  }
{ -0.543507 -0.00456887 -0.839392 0  }
{ -1.12763 2.56118 1.30462 1  }

フレーム番号60 : 
{ -0.838961 2.16072e-32 0.544191 0  }
{ -6.16298e-32 1 -1.2326e-32 0  }
{ -0.544191 1.84889e-32 -0.838961 0  }
{ -1.12708 2.56258 1.30489 1  }

フレーム番号61 : 
{ -0.838725 -0.0259197 0.543938 0  }
{ -0.018249 0.999643 0.0194957 0  }
{ -0.54425 0.0064252 -0.838899 0  }
{ -1.13034 2.54874 1.30837 1  }

フレーム番号62 : 
{ -0.838015 -0.0518208 0.54318 0  }
{ -0.0364851 0.998574 0.0389776 0  }
{ -0.544426 0.0128458 -0.838711 0  }
{ -1.13334 2.53478 1.31158 1  }

フレーム番号63 : 
{ -0.836833 -0.077685 0.541918 0  }
{ -0.0546951 0.996792 0.0584316 0  }
{ -0.544719 0.0192573 -0.838398 0  }
{ -1.13609 2.52071 1.31452 1  }

フレーム番号64 : 
{ -0.83518 -0.103494 0.540151 0  }
{ -0.0728661 0.994299 0.077844 0  }
{ -0.545128 0.025655 -0.83796 0  }
{ -1.13858 2.50654 1.31718 1  }

フレーム番号65 : 
{ -0.833056 -0.129229 0.537882 0  }
{ -0.0909851 0.991097 0.0972008 0  }
{ -0.545655 0.0320344 -0.837397 0  }
{ -1.14081 2.49227 1.31956 1  }

フレーム番号66 : 
{ -0.830463 -0.154872 0.535113 0  }
{ -0.109039 0.987188 0.116488 0  }
{ -0.546298 0.038391 -0.836711 0  }
{ -1.14278 2.47792 1.32167 1  }

フレーム番号67 : 
{ -0.827404 -0.180404 0.531844 0  }
{ -0.127016 0.982575 0.135693 0  }
{ -0.547056 0.0447202 -0.835901 0  }
{ -1.14449 2.4635 1.32349 1  }

フレーム番号68 : 
{ -0.823879 -0.205808 0.528078 0  }
{ -0.144901 0.977262 0.1548 0  }
{ -0.54793 0.0510175 -0.834967 0  }
{ -1.14593 2.44902 1.32504 1  }

フレーム番号69 : 
{ -0.819892 -0.231065 0.523819 0  }
{ -0.162684 0.971251 0.173798 0  }
{ -0.548918 0.0572784 -0.833911 0  }
{ -1.14711 2.43448 1.32629 1  }

フレーム番号70 : 
{ -0.815445 -0.256157 0.519069 0  }
{ -0.18035 0.964547 0.192671 0  }
{ -0.55002 0.0634985 -0.832734 0  }
{ -1.14803 2.41991 1.32727 1  }

フレーム番号71 : 
{ -0.810543 -0.281066 0.513831 0  }
{ -0.197888 0.957156 0.211407 0  }
{ -0.551236 0.0696732 -0.831435 0  }
{ -1.14867 2.40531 1.32796 1  }

フレーム番号72 : 
{ -0.805187 -0.305775 0.50811 0  }
{ -0.215285 0.949082 0.229992 0  }
{ -0.552563 0.0757983 -0.830017 0  }
{ -1.14905 2.39068 1.32837 1  }

フレーム番号73 : 
{ -0.799383 -0.330266 0.501908 0  }
{ -0.232528 0.940331 0.248413 0  }
{ -0.554002 0.0818693 -0.82848 0  }
{ -1.14917 2.37605 1.32849 1  }

フレーム番号74 : 
{ -0.793133 -0.354521 0.495232 0  }
{ -0.249605 0.930909 0.266657 0  }
{ -0.555551 0.0878819 -0.826825 0  }
{ -1.14901 2.36141 1.32832 1  }

フレーム番号75 : 
{ -0.786443 -0.378523 0.488085 0  }
{ -0.266504 0.920823 0.28471 0  }
{ -0.55721 0.0938319 -0.825053 0  }
{ -1.14859 2.34679 1.32788 1  }

フレーム番号76 : 
{ -0.779318 -0.402256 0.480473 0  }
{ -0.283213 0.910081 0.302561 0  }
{ -0.558976 0.0997149 -0.823166 0  }
{ -1.1479 2.33219 1.32714 1  }

フレーム番号77 : 
{ -0.771762 -0.425701 0.472401 0  }
{ -0.29972 0.898689 0.320196 0  }
{ -0.560849 0.105527 -0.821165 0  }
{ -1.14695 2.31762 1.32612 1  }

フレーム番号78 : 
{ -0.76378 -0.448843 0.463874 0  }
{ -0.316014 0.886657 0.337602 0  }
{ -0.562828 0.111263 -0.819052 0  }
{ -1.14573 2.30309 1.32482 1  }

フレーム番号79 : 
{ -0.75538 -0.471665 0.4549 0  }
{ -0.332081 0.873992 0.354768 0  }
{ -0.56491 0.116921 -0.816827 0  }
{ -1.14425 2.28862 1.32323 1  }

フレーム番号80 : 
{ -0.746566 -0.49415 0.445483 0  }
{ -0.347913 0.860703 0.37168 0  }
{ -0.567095 0.122495 -0.814493 0  }
{ -1.1425 2.27421 1.32137 1  }

フレーム番号81 : 
{ -0.756022 -0.46997 0.455586 0  }
{ -0.330888 0.874961 0.353493 0  }
{ -0.564751 0.1165 -0.816997 0  }
{ -1.14437 2.2897 1.32336 1  }

フレーム番号82 : 
{ -0.765001 -0.445402 0.465178 0  }
{ -0.313591 0.888497 0.335014 0  }
{ -0.562525 0.11041 -0.819375 0  }
{ -1.14593 2.30526 1.32503 1  }

フレーム番号83 : 
{ -0.773494 -0.420467 0.474251 0  }
{ -0.296035 0.901301 0.316259 0  }
{ -0.56042 0.104229 -0.821624 0  }
{ -1.14719 2.32089 1.32638 1  }

フレーム番号84 : 
{ -0.781494 -0.395186 0.482798 0  }
{ -0.278236 0.913363 0.297244 0  }
{ -0.558437 0.0979625 -0.823743 0  }
{ -1.14814 2.33655 1.32739 1  }

フレーム番号85 : 
{ -0.788996 -0.36958 0.490812 0  }
{ -0.260207 0.924672 0.277983 0  }
{ -0.556577 0.0916148 -0.825729 0  }
{ -1.14878 2.35226 1.32808 1  }

フレーム番号86 : 
{ -0.795992 -0.343669 0.498286 0  }
{ -0.241964 0.935219 0.258494 0  }
{ -0.554843 0.0851917 -0.827582 0  }
{ -1.14912 2.36798 1.32843 1  }

フレーム番号87 : 
{ -0.802477 -0.317474 0.505214 0  }
{ -0.223522 0.944996 0.238792 0  }
{ -0.553235 0.0786984 -0.829299 0  }
{ -1.14914 2.38371 1.32846 1  }

フレーム番号88 : 
{ -0.808445 -0.291018 0.51159 0  }
{ -0.204895 0.953994 0.218893 0  }
{ -0.551756 0.0721403 -0.83088 0  }
{ -1.14886 2.39943 1.32816 1  }

フレーム番号89 : 
{ -0.813892 -0.264323 0.51741 0  }
{ -0.1861 0.962206 0.198813 0  }
{ -0.550405 0.0655228 -0.832322 0  }
{ -1.14827 2.41514 1.32753 1  }

フレーム番号90 : 
{ -0.818814 -0.237409 0.522667 0  }
{ -0.167151 0.969625 0.17857 0  }
{ -0.549185 0.0588512 -0.833626 0  }
{ -1.14737 2.43081 1.32657 1  }

フレーム番号91 : 
{ -0.823205 -0.2103 0.527359 0  }
{ -0.148065 0.976246 0.15818 0  }
{ -0.548097 0.0521312 -0.834789 0  }
{ -1.14616 2.44644 1.32528 1  }

フレーム番号92 : 
{ -0.827063 -0.183018 0.53148 0  }
{ -0.128856 0.982062 0.137659 0  }
{ -0.547141 0.0453682 -0.83581 0  }
{ -1.14465 2.46202 1.32366 1  }

フレーム番号93 : 
{ -0.830384 -0.155585 0.535028 0  }
{ -0.109541 0.987069 0.117025 0  }
{ -0.546317 0.0385678 -0.83669 0  }
{ -1.14283 2.47752 1.32172 1  }

フレーム番号94 : 
{ -0.833166 -0.128024 0.538 0  }
{ -0.0901367 0.991263 0.0962944 0  }
{ -0.545628 0.0317357 -0.837427 0  }
{ -1.14071 2.49294 1.31946 1  }

フレーム番号95 : 
{ -0.835406 -0.100357 0.540393 0  }
{ -0.0706576 0.99464 0.0754846 0  }
{ -0.545072 0.0248774 -0.83802 0  }
{ -1.13829 2.50827 1.31687 1  }

フレーム番号96 : 
{ -0.837103 -0.0726076 0.542206 0  }
{ -0.0511203 0.997198 0.0546126 0  }
{ -0.544652 0.0179986 -0.838469 0  }
{ -1.13557 2.52348 1.31396 1  }

フレーム番号97 : 
{ -0.838254 -0.0447984 0.543436 0  }
{ -0.0315408 0.998934 0.0336956 0  }
{ -0.544366 0.011105 -0.838774 0  }
{ -1.13255 2.53858 1.31074 1  }

フレーム番号98 : 
{ -0.83886 -0.0169522 0.544083 0  }
{ -0.0119354 0.999847 0.0127508 0  }
{ -0.544216 0.00420227 -0.838934 0  }
{ -1.12924 2.55354 1.3072 1  }

フレーム番号99 : 
{ -0.838919 0.0109079 0.544146 0  }
{ 0.00767983 0.999937 -0.00820448 0  }
{ -0.544201 -0.00270395 -0.83895 0  }
{ -1.12563 2.56836 1.30335 1  }

フレーム番号100 : 
{ -0.838432 0.038759 0.543626 0  }
{ 0.0272887 0.999202 -0.029153 0  }
{ -0.544322 -0.00960794 -0.838821 0  }
{ -1.12174 2.58302 1.29919 1  }

フレーム番号101 : 
{ -0.838484 0.036822 0.543681 0  }
{ 0.025925 0.99928 -0.0276961 0  }
{ -0.544309 -0.00912778 -0.838835 0  }
{ -1.12202 2.58201 1.29949 1  }

フレーム番号102 : 
{ -0.838533 0.0348849 0.543733 0  }
{ 0.0245611 0.999354 -0.026239 0  }
{ -0.544297 -0.00864758 -0.838848 0  }
{ -1.1223 2.58099 1.29978 1  }

フレーム番号103 : 
{ -0.838579 0.0329476 0.543783 0  }
{ 0.0231971 0.999424 -0.0247819 0  }
{ -0.544286 -0.00816735 -0.83886 0  }
{ -1.12257 2.57998 1.30008 1  }

フレーム番号104 : 
{ -0.838623 0.0310102 0.543829 0  }
{ 0.0218331 0.999489 -0.0233246 0  }
{ -0.544275 -0.00768708 -0.838872 0  }
{ -1.12285 2.57896 1.30038 1  }

フレーム番号105 : 
{ -0.838664 0.0290726 0.543873 0  }
{ 0.0204689 0.999551 -0.0218673 0  }
{ -0.544265 -0.00720679 -0.838882 0  }
{ -1.12313 2.57794 1.30067 1  }

フレーム番号106 : 
{ -0.838702 0.027135 0.543914 0  }
{ 0.0191047 0.999609 -0.0204099 0  }
{ -0.544255 -0.00672647 -0.838893 0  }
{ -1.1234 2.57692 1.30096 1  }

フレーム番号107 : 
{ -0.838738 0.0251972 0.543952 0  }
{ 0.0177404 0.999663 -0.0189524 0  }
{ -0.544246 -0.00624612 -0.838902 0  }
{ -1.12367 2.5759 1.30125 1  }

フレーム番号108 : 
{ -0.838771 0.0232594 0.543988 0  }
{ 0.016376 0.999713 -0.0174948 0  }
{ -0.544238 -0.00576574 -0.838911 0  }
{ -1.12394 2.57488 1.30154 1  }

フレーム番号109 : 
{ -0.838801 0.0213214 0.54402 0  }
{ 0.0150116 0.999759 -0.0160371 0  }
{ -0.544231 -0.00528535 -0.838919 0  }
{ -1.12421 2.57386 1.30183 1  }

フレーム番号110 : 
{ -0.838829 0.0193834 0.54405 0  }
{ 0.0136471 0.999801 -0.0145794 0  }
{ -0.544224 -0.00480493 -0.838926 0  }
{ -1.12448 2.57284 1.30211 1  }

フレーム番号111 : 
{ -0.838854 0.0174452 0.544077 0  }
{ 0.0122825 0.999838 -0.0131216 0  }
{ -0.544218 -0.00432449 -0.838933 0  }
{ -1.12474 2.57182 1.3024 1  }

フレーム番号112 : 
{ -0.838877 0.0155071 0.544101 0  }
{ 0.0109179 0.999872 -0.0116638 0  }
{ -0.544212 -0.00384403 -0.838939 0  }
{ -1.12501 2.57079 1.30268 1  }

フレーム番号113 : 
{ -0.838896 0.0135688 0.544122 0  }
{ 0.00955329 0.999902 -0.0102059 0  }
{ -0.544207 -0.00336356 -0.838944 0  }
{ -1.12527 2.56977 1.30296 1  }

フレーム番号114 : 
{ -0.838914 0.0116305 0.54414 0  }
{ 0.0081886 0.999928 -0.00874801 0  }
{ -0.544203 -0.00288308 -0.838949 0  }
{ -1.12554 2.56874 1.30324 1  }

フレーム番号115 : 
{ -0.838928 0.00969216 0.544156 0  }
{ 0.00682389 0.99995 -0.00729006 0  }
{ -0.544199 -0.00240258 -0.838953 0  }
{ -1.1258 2.56772 1.30352 1  }

フレーム番号116 : 
{ -0.83894 0.00775378 0.544168 0  }
{ 0.00545914 0.999968 -0.00583209 0  }
{ -0.544196 -0.00192208 -0.838956 0  }
{ -1.12606 2.56669 1.3038 1  }

フレーム番号117 : 
{ -0.838949 0.00581536 0.544178 0  }
{ 0.00409438 0.999982 -0.00437408 0  }
{ -0.544194 -0.00144156 -0.838958 0  }
{ -1.12631 2.56567 1.30407 1  }

フレーム番号118 : 
{ -0.838956 0.00387692 0.544185 0  }
{ 0.00272959 0.999992 -0.00291607 0  }
{ -0.544192 -0.000961046 -0.83896 0  }
{ -1.12657 2.56464 1.30435 1  }

フレーム番号119 : 
{ -0.83896 0.00193846 0.54419 0  }
{ 0.0013648 0.999998 -0.00145804 0  }
{ -0.544191 -0.000480524 -0.838961 0  }
{ -1.12683 2.56361 1.30462 1  }

フレーム番号120 : 
{ -0.838961 2.16072e-32 0.544191 0  }
{ -6.16298e-32 1 -1.2326e-32 0  }
{ -0.544191 1.84889e-32 -0.838961 0  }
{ -1.12708 2.56258 1.30489 1  }

