
[MeshData]

ボーン番号 : 0

ボーン名 : {  }

オフセット行列 : 
{ 1 0 0 0  }
{ -0 1 0 0  }
{ 0 -0 1 0  }
{ 1.09123e-15 2.40374 -1.46006e-17 1  }

アニメーション行列 : 
フレーム番号0 : 
{ 0.996222 0.0868429 0 0  }
{ -0.0868429 0.996222 0 0  }
{ 0 0 1 0  }
{ 1.0947e-15 2.43952 -1.46006e-17 1  }

フレーム番号1 : 
{ 0.996233 0.0867165 0 0  }
{ -0.0867165 0.996233 0 0  }
{ 0 0 1 0  }
{ 1.09469e-15 2.43947 -1.46006e-17 1  }

フレーム番号2 : 
{ 0.996265 0.0863431 0 0  }
{ -0.0863431 0.996265 0 0  }
{ 0 0 1 0  }
{ 1.09469e-15 2.43931 -1.46006e-17 1  }

フレーム番号3 : 
{ 0.996318 0.0857312 0 0  }
{ -0.0857312 0.996318 0 0  }
{ 0 0 1 0  }
{ 1.09467e-15 2.43905 -1.46006e-17 1  }

フレーム番号4 : 
{ 0.99639 0.0848892 0 0  }
{ -0.0848892 0.99639 0 0  }
{ 0 0 1 0  }
{ 1.09465e-15 2.4387 -1.46006e-17 1  }

フレーム番号5 : 
{ 0.99648 0.0838256 0 0  }
{ -0.0838256 0.99648 0 0  }
{ 0 0 1 0  }
{ 1.09463e-15 2.43825 -1.46006e-17 1  }

フレーム番号6 : 
{ 0.996587 0.0825488 0 0  }
{ -0.0825488 0.996587 0 0  }
{ 0 0 1 0  }
{ 1.0946e-15 2.43771 -1.46006e-17 1  }

フレーム番号7 : 
{ 0.996709 0.0810674 0 0  }
{ -0.0810674 0.996709 0 0  }
{ 0 0 1 0  }
{ 1.09457e-15 2.43709 -1.46006e-17 1  }

フレーム番号8 : 
{ 0.996844 0.0793898 0 0  }
{ -0.0793898 0.996844 0 0  }
{ 0 0 1 0  }
{ 1.09453e-15 2.43638 -1.46006e-17 1  }

フレーム番号9 : 
{ 0.99699 0.0775243 0 0  }
{ -0.0775243 0.99699 0 0  }
{ 0 0 1 0  }
{ 1.09449e-15 2.4356 -1.46006e-17 1  }

フレーム番号10 : 
{ 0.997147 0.0754796 0 0  }
{ -0.0754796 0.997147 0 0  }
{ 0 0 1 0  }
{ 1.09444e-15 2.43474 -1.46006e-17 1  }

フレーム番号11 : 
{ 0.997313 0.073264 0 0  }
{ -0.073264 0.997313 0 0  }
{ 0 0 1 0  }
{ 1.09439e-15 2.43381 -1.46006e-17 1  }

フレーム番号12 : 
{ 0.997484 0.070886 0 0  }
{ -0.070886 0.997484 0 0  }
{ 0 0 1 0  }
{ 1.09434e-15 2.43281 -1.46006e-17 1  }

フレーム番号13 : 
{ 0.997661 0.068354 0 0  }
{ -0.068354 0.997661 0 0  }
{ 0 0 1 0  }
{ 1.09428e-15 2.43174 -1.46006e-17 1  }

フレーム番号14 : 
{ 0.997841 0.0656766 0 0  }
{ -0.0656766 0.997841 0 0  }
{ 0 0 1 0  }
{ 1.09422e-15 2.43062 -1.46006e-17 1  }

フレーム番号15 : 
{ 0.998022 0.0628621 0 0  }
{ -0.0628621 0.998022 0 0  }
{ 0 0 1 0  }
{ 1.09415e-15 2.42943 -1.46006e-17 1  }

フレーム番号16 : 
{ 0.998203 0.0599191 0 0  }
{ -0.0599191 0.998203 0 0  }
{ 0 0 1 0  }
{ 1.09409e-15 2.4282 -1.46006e-17 1  }

フレーム番号17 : 
{ 0.998382 0.056856 0 0  }
{ -0.056856 0.998382 0 0  }
{ 0 0 1 0  }
{ 1.09402e-15 2.42691 -1.46006e-17 1  }

フレーム番号18 : 
{ 0.998558 0.0536815 0 0  }
{ -0.0536815 0.998558 0 0  }
{ 0 0 1 0  }
{ 1.09395e-15 2.42558 -1.46006e-17 1  }

フレーム番号19 : 
{ 0.998729 0.0504039 0 0  }
{ -0.0504039 0.998729 0 0  }
{ 0 0 1 0  }
{ 1.09387e-15 2.4242 -1.46006e-17 1  }

フレーム番号20 : 
{ 0.998893 0.0470318 0 0  }
{ -0.0470318 0.998893 0 0  }
{ 0 0 1 0  }
{ 1.0938e-15 2.42279 -1.46006e-17 1  }

フレーム番号21 : 
{ 0.99905 0.0435737 0 0  }
{ -0.0435737 0.99905 0 0  }
{ 0 0 1 0  }
{ 1.09372e-15 2.42133 -1.46006e-17 1  }

フレーム番号22 : 
{ 0.999198 0.0400383 0 0  }
{ -0.0400383 0.999198 0 0  }
{ 0 0 1 0  }
{ 1.09364e-15 2.41985 -1.46006e-17 1  }

フレーム番号23 : 
{ 0.999336 0.0364339 0 0  }
{ -0.0364339 0.999336 0 0  }
{ 0 0 1 0  }
{ 1.09356e-15 2.41834 -1.46006e-17 1  }

フレーム番号24 : 
{ 0.999463 0.0327693 0 0  }
{ -0.0327693 0.999463 0 0  }
{ 0 0 1 0  }
{ 1.09348e-15 2.4168 -1.46006e-17 1  }

フレーム番号25 : 
{ 0.999578 0.0290529 0 0  }
{ -0.0290529 0.999578 0 0  }
{ 0 0 1 0  }
{ 1.09339e-15 2.41524 -1.46006e-17 1  }

フレーム番号26 : 
{ 0.99968 0.0252935 0 0  }
{ -0.0252935 0.99968 0 0  }
{ 0 0 1 0  }
{ 1.09331e-15 2.41366 -1.46006e-17 1  }

フレーム番号27 : 
{ 0.999769 0.0214994 0 0  }
{ -0.0214994 0.999769 0 0  }
{ 0 0 1 0  }
{ 1.09322e-15 2.41207 -1.46006e-17 1  }

フレーム番号28 : 
{ 0.999844 0.0176794 0 0  }
{ -0.0176794 0.999844 0 0  }
{ 0 0 1 0  }
{ 1.09314e-15 2.41047 -1.46006e-17 1  }

フレーム番号29 : 
{ 0.999904 0.013842 0 0  }
{ -0.013842 0.999904 0 0  }
{ 0 0 1 0  }
{ 1.09305e-15 2.40886 -1.46006e-17 1  }

フレーム番号30 : 
{ 0.99995 0.00999593 0 0  }
{ -0.00999593 0.99995 0 0  }
{ 0 0 1 0  }
{ 1.09296e-15 2.40725 -1.46006e-17 1  }

フレーム番号31 : 
{ 0.999981 0.00614967 0 0  }
{ -0.00614967 0.999981 0 0  }
{ 0 0 1 0  }
{ 1.09288e-15 2.40563 -1.46006e-17 1  }

フレーム番号32 : 
{ 0.999997 0.00231187 0 0  }
{ -0.00231187 0.999997 0 0  }
{ 0 0 1 0  }
{ 1.09279e-15 2.40402 -1.46006e-17 1  }

フレーム番号33 : 
{ 0.999999 -0.00150886 0 0  }
{ 0.00150886 0.999999 0 0  }
{ 0 0 1 0  }
{ 1.0927e-15 2.40242 -1.46006e-17 1  }

フレーム番号34 : 
{ 0.999986 -0.00530393 0 0  }
{ 0.00530393 0.999986 0 0  }
{ 0 0 1 0  }
{ 1.09262e-15 2.40083 -1.46006e-17 1  }

フレーム番号35 : 
{ 0.999959 -0.00906471 0 0  }
{ 0.00906471 0.999959 0 0  }
{ 0 0 1 0  }
{ 1.09253e-15 2.39925 -1.46006e-17 1  }

フレーム番号36 : 
{ 0.999918 -0.0127826 0 0  }
{ 0.0127826 0.999918 0 0  }
{ 0 0 1 0  }
{ 1.09245e-15 2.39769 -1.46006e-17 1  }

フレーム番号37 : 
{ 0.999865 -0.016449 0 0  }
{ 0.016449 0.999865 0 0  }
{ 0 0 1 0  }
{ 1.09237e-15 2.39615 -1.46006e-17 1  }

フレーム番号38 : 
{ 0.999799 -0.0200554 0 0  }
{ 0.0200554 0.999799 0 0  }
{ 0 0 1 0  }
{ 1.09228e-15 2.39464 -1.46006e-17 1  }

フレーム番号39 : 
{ 0.999722 -0.0235931 0 0  }
{ 0.0235931 0.999722 0 0  }
{ 0 0 1 0  }
{ 1.09221e-15 2.39316 -1.46006e-17 1  }

フレーム番号40 : 
{ 0.999634 -0.0270536 0 0  }
{ 0.0270536 0.999634 0 0  }
{ 0 0 1 0  }
{ 1.09213e-15 2.39171 -1.46006e-17 1  }

フレーム番号41 : 
{ 0.999537 -0.0304283 0 0  }
{ 0.0304283 0.999537 0 0  }
{ 0 0 1 0  }
{ 1.09205e-15 2.39029 -1.46006e-17 1  }

フレーム番号42 : 
{ 0.999432 -0.0337087 0 0  }
{ 0.0337087 0.999432 0 0  }
{ 0 0 1 0  }
{ 1.09198e-15 2.38891 -1.46006e-17 1  }

フレーム番号43 : 
{ 0.999319 -0.0368861 0 0  }
{ 0.0368861 0.999319 0 0  }
{ 0 0 1 0  }
{ 1.09191e-15 2.38758 -1.46006e-17 1  }

フレーム番号44 : 
{ 0.999202 -0.0399522 0 0  }
{ 0.0399522 0.999202 0 0  }
{ 0 0 1 0  }
{ 1.09184e-15 2.38629 -1.46006e-17 1  }

フレーム番号45 : 
{ 0.999079 -0.0428982 0 0  }
{ 0.0428982 0.999079 0 0  }
{ 0 0 1 0  }
{ 1.09177e-15 2.38506 -1.46006e-17 1  }

フレーム番号46 : 
{ 0.998954 -0.0457157 0 0  }
{ 0.0457157 0.998954 0 0  }
{ 0 0 1 0  }
{ 1.09171e-15 2.38387 -1.46006e-17 1  }

フレーム番号47 : 
{ 0.998828 -0.0483962 0 0  }
{ 0.0483962 0.998828 0 0  }
{ 0 0 1 0  }
{ 1.09165e-15 2.38275 -1.46006e-17 1  }

フレーム番号48 : 
{ 0.998702 -0.0509312 0 0  }
{ 0.0509312 0.998702 0 0  }
{ 0 0 1 0  }
{ 1.09159e-15 2.38168 -1.46006e-17 1  }

フレーム番号49 : 
{ 0.998578 -0.0533122 0 0  }
{ 0.0533122 0.998578 0 0  }
{ 0 0 1 0  }
{ 1.09153e-15 2.38068 -1.46006e-17 1  }

フレーム番号50 : 
{ 0.998457 -0.0555307 0 0  }
{ 0.0555307 0.998457 0 0  }
{ 0 0 1 0  }
{ 1.09148e-15 2.37975 -1.46006e-17 1  }

フレーム番号51 : 
{ 0.998341 -0.0575781 0 0  }
{ 0.0575781 0.998341 0 0  }
{ 0 0 1 0  }
{ 1.09144e-15 2.37889 -1.46006e-17 1  }

フレーム番号52 : 
{ 0.998232 -0.0594461 0 0  }
{ 0.0594461 0.998232 0 0  }
{ 0 0 1 0  }
{ 1.0914e-15 2.37811 -1.46006e-17 1  }

フレーム番号53 : 
{ 0.99813 -0.0611261 0 0  }
{ 0.0611261 0.99813 0 0  }
{ 0 0 1 0  }
{ 1.09136e-15 2.3774 -1.46006e-17 1  }

フレーム番号54 : 
{ 0.998038 -0.0626097 0 0  }
{ 0.0626097 0.998038 0 0  }
{ 0 0 1 0  }
{ 1.09132e-15 2.37678 -1.46006e-17 1  }

フレーム番号55 : 
{ 0.997957 -0.0638883 0 0  }
{ 0.0638883 0.997957 0 0  }
{ 0 0 1 0  }
{ 1.0913e-15 2.37624 -1.46006e-17 1  }

フレーム番号56 : 
{ 0.997888 -0.0649535 0 0  }
{ 0.0649535 0.997888 0 0  }
{ 0 0 1 0  }
{ 1.09127e-15 2.37579 -1.46006e-17 1  }

フレーム番号57 : 
{ 0.997833 -0.0657968 0 0  }
{ 0.0657968 0.997833 0 0  }
{ 0 0 1 0  }
{ 1.09125e-15 2.37544 -1.46006e-17 1  }

フレーム番号58 : 
{ 0.997792 -0.0664096 0 0  }
{ 0.0664096 0.997792 0 0  }
{ 0 0 1 0  }
{ 1.09124e-15 2.37518 -1.46006e-17 1  }

フレーム番号59 : 
{ 0.997768 -0.0667836 0 0  }
{ 0.0667836 0.997768 0 0  }
{ 0 0 1 0  }
{ 1.09123e-15 2.37502 -1.46006e-17 1  }

フレーム番号60 : 
{ 0.997759 -0.0669102 0 0  }
{ 0.0669102 0.997759 0 0  }
{ 0 0 1 0  }
{ 1.09123e-15 2.37497 -1.46006e-17 1  }

フレーム番号61 : 
{ 0.997768 -0.0667836 0 0  }
{ 0.0667836 0.997768 0 0  }
{ 0 0 1 0  }
{ 1.09123e-15 2.37502 -1.46006e-17 1  }

フレーム番号62 : 
{ 0.997792 -0.0664096 0 0  }
{ 0.0664096 0.997792 0 0  }
{ 0 0 1 0  }
{ 1.09123e-15 2.37518 -1.46006e-17 1  }

フレーム番号63 : 
{ 0.997833 -0.0657968 0 0  }
{ 0.0657968 0.997833 0 0  }
{ 0 0 1 0  }
{ 1.09123e-15 2.37544 -1.46006e-17 1  }

フレーム番号64 : 
{ 0.997888 -0.0649535 0 0  }
{ 0.0649535 0.997888 0 0  }
{ 0 0 1 0  }
{ 1.09123e-15 2.3758 -1.46006e-17 1  }

フレーム番号65 : 
{ 0.997957 -0.0638883 0 0  }
{ 0.0638883 0.997957 0 0  }
{ 0 0 1 0  }
{ 1.09123e-15 2.37625 -1.46006e-17 1  }

フレーム番号66 : 
{ 0.998038 -0.0626097 0 0  }
{ 0.0626097 0.998038 0 0  }
{ 0 0 1 0  }
{ 1.09123e-15 2.37679 -1.46006e-17 1  }

フレーム番号67 : 
{ 0.99813 -0.0611261 0 0  }
{ 0.0611261 0.99813 0 0  }
{ 0 0 1 0  }
{ 1.09123e-15 2.37742 -1.46006e-17 1  }

フレーム番号68 : 
{ 0.998232 -0.0594461 0 0  }
{ 0.0594461 0.998232 0 0  }
{ 0 0 1 0  }
{ 1.09123e-15 2.37813 -1.46006e-17 1  }

フレーム番号69 : 
{ 0.998341 -0.0575781 0 0  }
{ 0.0575781 0.998341 0 0  }
{ 0 0 1 0  }
{ 1.09123e-15 2.37892 -1.46006e-17 1  }

フレーム番号70 : 
{ 0.998457 -0.0555307 0 0  }
{ 0.0555307 0.998457 0 0  }
{ 0 0 1 0  }
{ 1.09123e-15 2.37979 -1.46006e-17 1  }

フレーム番号71 : 
{ 0.998578 -0.0533122 0 0  }
{ 0.0533122 0.998578 0 0  }
{ 0 0 1 0  }
{ 1.09123e-15 2.38073 -1.46006e-17 1  }

フレーム番号72 : 
{ 0.998702 -0.0509312 0 0  }
{ 0.0509312 0.998702 0 0  }
{ 0 0 1 0  }
{ 1.09123e-15 2.38173 -1.46006e-17 1  }

フレーム番号73 : 
{ 0.998828 -0.0483962 0 0  }
{ 0.0483962 0.998828 0 0  }
{ 0 0 1 0  }
{ 1.09123e-15 2.38281 -1.46006e-17 1  }

フレーム番号74 : 
{ 0.998954 -0.0457157 0 0  }
{ 0.0457157 0.998954 0 0  }
{ 0 0 1 0  }
{ 1.09123e-15 2.38394 -1.46006e-17 1  }

フレーム番号75 : 
{ 0.999079 -0.0428982 0 0  }
{ 0.0428982 0.999079 0 0  }
{ 0 0 1 0  }
{ 1.09123e-15 2.38513 -1.46006e-17 1  }

フレーム番号76 : 
{ 0.999202 -0.0399522 0 0  }
{ 0.0399522 0.999202 0 0  }
{ 0 0 1 0  }
{ 1.09123e-15 2.38638 -1.46006e-17 1  }

フレーム番号77 : 
{ 0.999319 -0.0368862 0 0  }
{ 0.0368862 0.999319 0 0  }
{ 0 0 1 0  }
{ 1.09123e-15 2.38767 -1.46006e-17 1  }

フレーム番号78 : 
{ 0.999432 -0.0337087 0 0  }
{ 0.0337087 0.999432 0 0  }
{ 0 0 1 0  }
{ 1.09123e-15 2.38902 -1.46006e-17 1  }

フレーム番号79 : 
{ 0.999537 -0.0304284 0 0  }
{ 0.0304284 0.999537 0 0  }
{ 0 0 1 0  }
{ 1.09123e-15 2.3904 -1.46006e-17 1  }

フレーム番号80 : 
{ 0.999634 -0.0270537 0 0  }
{ 0.0270537 0.999634 0 0  }
{ 0 0 1 0  }
{ 1.09123e-15 2.39183 -1.46006e-17 1  }

フレーム番号81 : 
{ 0.999722 -0.0235932 0 0  }
{ 0.0235932 0.999722 0 0  }
{ 0 0 1 0  }
{ 1.09123e-15 2.39329 -1.46006e-17 1  }

フレーム番号82 : 
{ 0.999799 -0.0200554 0 0  }
{ 0.0200554 0.999799 0 0  }
{ 0 0 1 0  }
{ 1.09123e-15 2.39479 -1.46006e-17 1  }

フレーム番号83 : 
{ 0.999865 -0.0164491 0 0  }
{ 0.0164491 0.999865 0 0  }
{ 0 0 1 0  }
{ 1.09123e-15 2.39631 -1.46006e-17 1  }

フレーム番号84 : 
{ 0.999918 -0.0127826 0 0  }
{ 0.0127826 0.999918 0 0  }
{ 0 0 1 0  }
{ 1.09123e-15 2.39786 -1.46006e-17 1  }

フレーム番号85 : 
{ 0.999959 -0.00906474 0 0  }
{ 0.00906474 0.999959 0 0  }
{ 0 0 1 0  }
{ 1.09123e-15 2.39943 -1.46006e-17 1  }

フレーム番号86 : 
{ 0.999986 -0.00530396 0 0  }
{ 0.00530396 0.999986 0 0  }
{ 0 0 1 0  }
{ 1.09123e-15 2.40102 -1.46006e-17 1  }

フレーム番号87 : 
{ 0.999999 -0.0015089 0 0  }
{ 0.0015089 0.999999 0 0  }
{ 0 0 1 0  }
{ 1.09123e-15 2.40262 -1.46006e-17 1  }

フレーム番号88 : 
{ 0.999997 0.00231183 0 0  }
{ -0.00231183 0.999997 0 0  }
{ 0 0 1 0  }
{ 1.09123e-15 2.40424 -1.46006e-17 1  }

フレーム番号89 : 
{ 0.999981 0.00614963 0 0  }
{ -0.00614963 0.999981 0 0  }
{ 0 0 1 0  }
{ 1.09123e-15 2.40586 -1.46006e-17 1  }

フレーム番号90 : 
{ 0.99995 0.00999589 0 0  }
{ -0.00999589 0.99995 0 0  }
{ 0 0 1 0  }
{ 1.09123e-15 2.40749 -1.46006e-17 1  }

フレーム番号91 : 
{ 0.999904 0.013842 0 0  }
{ -0.013842 0.999904 0 0  }
{ 0 0 1 0  }
{ 1.09123e-15 2.40911 -1.46006e-17 1  }

フレーム番号92 : 
{ 0.999844 0.0176794 0 0  }
{ -0.0176794 0.999844 0 0  }
{ 0 0 1 0  }
{ 1.09123e-15 2.41073 -1.46006e-17 1  }

フレーム番号93 : 
{ 0.999769 0.0214994 0 0  }
{ -0.0214994 0.999769 0 0  }
{ 0 0 1 0  }
{ 1.09123e-15 2.41235 -1.46006e-17 1  }

フレーム番号94 : 
{ 0.99968 0.0252934 0 0  }
{ -0.0252934 0.99968 0 0  }
{ 0 0 1 0  }
{ 1.09123e-15 2.41395 -1.46006e-17 1  }

フレーム番号95 : 
{ 0.999578 0.0290529 0 0  }
{ -0.0290529 0.999578 0 0  }
{ 0 0 1 0  }
{ 1.09123e-15 2.41554 -1.46006e-17 1  }

フレーム番号96 : 
{ 0.999463 0.0327692 0 0  }
{ -0.0327692 0.999463 0 0  }
{ 0 0 1 0  }
{ 1.09123e-15 2.41711 -1.46006e-17 1  }

フレーム番号97 : 
{ 0.999336 0.0364339 0 0  }
{ -0.0364339 0.999336 0 0  }
{ 0 0 1 0  }
{ 1.09123e-15 2.41866 -1.46006e-17 1  }

フレーム番号98 : 
{ 0.999198 0.0400382 0 0  }
{ -0.0400382 0.999198 0 0  }
{ 0 0 1 0  }
{ 1.09123e-15 2.42018 -1.46006e-17 1  }

フレーム番号99 : 
{ 0.99905 0.0435737 0 0  }
{ -0.0435737 0.99905 0 0  }
{ 0 0 1 0  }
{ 1.09123e-15 2.42168 -1.46006e-17 1  }

フレーム番号100 : 
{ 0.998893 0.0470317 0 0  }
{ -0.0470317 0.998893 0 0  }
{ 0 0 1 0  }
{ 1.09123e-15 2.42314 -1.46006e-17 1  }

フレーム番号101 : 
{ 0.998729 0.0504038 0 0  }
{ -0.0504038 0.998729 0 0  }
{ 0 0 1 0  }
{ 1.09123e-15 2.42457 -1.46006e-17 1  }

フレーム番号102 : 
{ 0.998558 0.0536814 0 0  }
{ -0.0536814 0.998558 0 0  }
{ 0 0 1 0  }
{ 1.09123e-15 2.42595 -1.46006e-17 1  }

フレーム番号103 : 
{ 0.998382 0.056856 0 0  }
{ -0.056856 0.998382 0 0  }
{ 0 0 1 0  }
{ 1.09123e-15 2.4273 -1.46006e-17 1  }

フレーム番号104 : 
{ 0.998203 0.059919 0 0  }
{ -0.059919 0.998203 0 0  }
{ 0 0 1 0  }
{ 1.09123e-15 2.42859 -1.46006e-17 1  }

フレーム番号105 : 
{ 0.998022 0.062862 0 0  }
{ -0.062862 0.998022 0 0  }
{ 0 0 1 0  }
{ 1.09123e-15 2.42984 -1.46006e-17 1  }

フレーム番号106 : 
{ 0.997841 0.0656765 0 0  }
{ -0.0656765 0.997841 0 0  }
{ 0 0 1 0  }
{ 1.09123e-15 2.43103 -1.46006e-17 1  }

フレーム番号107 : 
{ 0.997661 0.0683539 0 0  }
{ -0.0683539 0.997661 0 0  }
{ 0 0 1 0  }
{ 1.09123e-15 2.43216 -1.46006e-17 1  }

フレーム番号108 : 
{ 0.997484 0.0708859 0 0  }
{ -0.0708859 0.997484 0 0  }
{ 0 0 1 0  }
{ 1.09123e-15 2.43324 -1.46006e-17 1  }

フレーム番号109 : 
{ 0.997313 0.0732639 0 0  }
{ -0.0732639 0.997313 0 0  }
{ 0 0 1 0  }
{ 1.09123e-15 2.43424 -1.46006e-17 1  }

フレーム番号110 : 
{ 0.997147 0.0754795 0 0  }
{ -0.0754795 0.997147 0 0  }
{ 0 0 1 0  }
{ 1.09123e-15 2.43518 -1.46006e-17 1  }

フレーム番号111 : 
{ 0.99699 0.0775243 0 0  }
{ -0.0775243 0.99699 0 0  }
{ 0 0 1 0  }
{ 1.09123e-15 2.43605 -1.46006e-17 1  }

フレーム番号112 : 
{ 0.996844 0.0793897 0 0  }
{ -0.0793897 0.996844 0 0  }
{ 0 0 1 0  }
{ 1.09123e-15 2.43684 -1.46006e-17 1  }

フレーム番号113 : 
{ 0.996709 0.0810673 0 0  }
{ -0.0810673 0.996709 0 0  }
{ 0 0 1 0  }
{ 1.09123e-15 2.43755 -1.46006e-17 1  }

フレーム番号114 : 
{ 0.996587 0.0825487 0 0  }
{ -0.0825487 0.996587 0 0  }
{ 0 0 1 0  }
{ 1.09123e-15 2.43818 -1.46006e-17 1  }

フレーム番号115 : 
{ 0.99648 0.0838254 0 0  }
{ -0.0838254 0.99648 0 0  }
{ 0 0 1 0  }
{ 1.09123e-15 2.43872 -1.46006e-17 1  }

フレーム番号116 : 
{ 0.99639 0.0848891 0 0  }
{ -0.0848891 0.99639 0 0  }
{ 0 0 1 0  }
{ 1.09123e-15 2.43917 -1.46006e-17 1  }

フレーム番号117 : 
{ 0.996318 0.0857311 0 0  }
{ -0.0857311 0.996318 0 0  }
{ 0 0 1 0  }
{ 1.09123e-15 2.43953 -1.46006e-17 1  }

フレーム番号118 : 
{ 0.996265 0.086343 0 0  }
{ -0.086343 0.996265 0 0  }
{ 0 0 1 0  }
{ 1.09123e-15 2.43979 -1.46006e-17 1  }

フレーム番号119 : 
{ 0.996233 0.0867164 0 0  }
{ -0.0867164 0.996233 0 0  }
{ 0 0 1 0  }
{ 1.09123e-15 2.43995 -1.46006e-17 1  }

フレーム番号120 : 
{ 0.996222 0.0868428 0 0  }
{ -0.0868428 0.996222 0 0  }
{ 0 0 1 0  }
{ 1.09123e-15 2.44 -1.46006e-17 1  }

