
[MeshData]

ボーン番号 : 2

ボーン名 : {  }

オフセット行列 : 
{ 0.999204 -0.000827913 0.0398916 0  }
{ 0.000828573 1 -1.8041e-14 0  }
{ -0.0398916 3.30531e-05 0.999204 0  }
{ 0.0250086 1.35053 -1.88967 1  }

アニメーション行列 : 
フレーム番号0 : 
{ 0.991761 0.085623 -0.095279 0  }
{ -0.0860249 0.996293 -0.000111785 0  }
{ 0.0949162 0.00830723 0.995451 0  }
{ 0.0127205 1.38343 -1.88601 1  }

フレーム番号1 : 
{ 0.991798 0.0854994 -0.0950124 0  }
{ -0.0858986 0.996304 -0.000111566 0  }
{ 0.0946517 0.00827208 0.995476 0  }
{ 0.0127908 1.38339 -1.88603 1  }

フレーム番号2 : 
{ 0.991904 0.0851341 -0.0942248 0  }
{ -0.085525 0.996336 -0.000110916 0  }
{ 0.0938701 0.00816859 0.995551 0  }
{ 0.0129988 1.38328 -1.88609 1  }

フレーム番号3 : 
{ 0.992077 0.0845352 -0.0929338 0  }
{ -0.0849129 0.996388 -0.000109851 0  }
{ 0.0925888 0.00800026 0.995672 0  }
{ 0.0133397 1.3831 -1.88619 1  }

フレーム番号4 : 
{ 0.992312 0.0837108 -0.0911573 0  }
{ -0.0840706 0.99646 -0.000108386 0  }
{ 0.0908255 0.00777121 0.995836 0  }
{ 0.0138092 1.38285 -1.88633 1  }

フレーム番号5 : 
{ 0.992603 0.0826685 -0.0889131 0  }
{ -0.0830067 0.996549 -0.000106534 0  }
{ 0.0885974 0.00748613 0.996039 0  }
{ 0.0144029 1.38254 -1.8865 1  }

フレーム番号6 : 
{ 0.992944 0.0814163 -0.0862188 0  }
{ -0.0817296 0.996655 -0.000104312 0  }
{ 0.0859219 0.00715021 0.996276 0  }
{ 0.0151162 1.38215 -1.88669 1  }

フレーム番号7 : 
{ 0.993329 0.0799618 -0.0830922 0  }
{ -0.0802478 0.996775 -0.000101732 0  }
{ 0.0828161 0.00676902 0.996542 0  }
{ 0.0159451 1.3817 -1.88692 1  }

フレーム番号8 : 
{ 0.99375 0.0783128 -0.0795509 0  }
{ -0.0785697 0.996909 -9.88096e-05 0  }
{ 0.0792973 0.00634848 0.996831 0  }
{ 0.0168851 1.38119 -1.88716 1  }

フレーム番号9 : 
{ 0.9942 0.076477 -0.0756127 0  }
{ -0.0767037 0.997054 -9.55592e-05 0  }
{ 0.0753826 0.00589478 0.997137 0  }
{ 0.0179319 1.38061 -1.88742 1  }

フレーム番号10 : 
{ 0.994672 0.074462 -0.0712951 0  }
{ -0.0746585 0.997209 -9.19952e-05 0  }
{ 0.0710893 0.00541429 0.997455 0  }
{ 0.0190812 1.37996 -1.88769 1  }

フレーム番号11 : 
{ 0.995158 0.0722755 -0.066616 0  }
{ -0.0724423 0.997373 -8.8132e-05 0  }
{ 0.0664346 0.00491353 0.997779 0  }
{ 0.0203288 1.37926 -1.88796 1  }

フレーム番号12 : 
{ 0.995649 0.0699255 -0.0615931 0  }
{ -0.0700637 0.997543 -8.39841e-05 0  }
{ 0.0614359 0.00439906 0.998101 0  }
{ 0.0216701 1.37848 -1.88824 1  }

フレーム番号13 : 
{ 0.996138 0.0674198 -0.0562443 0  }
{ -0.0675312 0.997717 -7.95662e-05 0  }
{ 0.0561105 0.0038775 0.998417 0  }
{ 0.0231009 1.37765 -1.88851 1  }

フレーム番号14 : 
{ 0.996617 0.0647663 -0.0505874 0  }
{ -0.0648531 0.997895 -7.48927e-05 0  }
{ 0.050476 0.00335539 0.99872 0  }
{ 0.0246164 1.37675 -1.88878 1  }

フレーム番号15 : 
{ 0.997079 0.0619731 -0.0446403 0  }
{ -0.0620381 0.998074 -6.99784e-05 0  }
{ 0.04455 0.00283917 0.999003 0  }
{ 0.0262123 1.37579 -1.88903 1  }

フレーム番号16 : 
{ 0.997515 0.0590484 -0.0384211 0  }
{ -0.0590945 0.998252 -6.4838e-05 0  }
{ 0.0383501 0.00233515 0.999262 0  }
{ 0.0278837 1.37477 -1.88926 1  }

フレーム番号17 : 
{ 0.997919 0.0560004 -0.0319478 0  }
{ -0.0560309 0.998429 -5.94862e-05 0  }
{ 0.0318943 0.00184943 0.99949 0  }
{ 0.029626 1.37369 -1.88948 1  }

フレーム番号18 : 
{ 0.998284 0.0528376 -0.0252386 0  }
{ -0.0528558 0.998602 -5.39379e-05 0  }
{ 0.0252004 0.00138785 0.999681 0  }
{ 0.0314343 1.37254 -1.88966 1  }

フレーム番号19 : 
{ 0.998603 0.0495685 -0.0183116 0  }
{ -0.0495777 0.99877 -4.8208e-05 0  }
{ 0.0182867 0.000955989 0.999832 0  }
{ 0.0333036 1.37133 -1.88982 1  }

フレーム番号20 : 
{ 0.998869 0.0462018 -0.0111853 0  }
{ -0.0462052 0.998932 -4.23114e-05 0  }
{ 0.0111713 0.00055908 0.999937 0  }
{ 0.0352289 1.37007 -1.88994 1  }

フレーム番号21 : 
{ 0.999078 0.0427463 -0.00387781 0  }
{ -0.0427467 0.999086 -3.62633e-05 0  }
{ 0.00387272 0.000201994 0.999992 0  }
{ 0.0372052 1.36875 -1.89002 1  }

フレーム番号22 : 
{ 0.999224 0.0392107 0.0035923 0  }
{ -0.0392109 0.999231 -3.00787e-05 0  }
{ -0.00359072 -0.000110802 0.999994 0  }
{ 0.0392272 1.36737 -1.89007 1  }

フレーム番号23 : 
{ 0.999303 0.0356043 0.0112066 0  }
{ -0.0356062 0.999366 -2.37729e-05 0  }
{ -0.0112003 -0.000375269 0.999937 0  }
{ 0.0412896 1.36594 -1.89007 1  }

フレーム番号24 : 
{ 0.99931 0.0319359 0.0189466 0  }
{ -0.0319413 0.99949 -1.7361e-05 0  }
{ -0.0189375 -0.000587831 0.99982 0  }
{ 0.043387 1.36445 -1.89002 1  }

フレーム番号25 : 
{ 0.999243 0.0282149 0.0267937 0  }
{ -0.0282248 0.999602 -1.08583e-05 0  }
{ -0.0267834 -0.000745397 0.999641 0  }
{ 0.0455142 1.36291 -1.88993 1  }

フレーム番号26 : 
{ 0.999098 0.0244505 0.0347294 0  }
{ -0.0244652 0.999701 -4.28019e-06 0  }
{ -0.0347191 -0.000845384 0.999397 0  }
{ 0.0476655 1.36132 -1.88979 1  }

フレーム番号27 : 
{ 0.998873 0.020652 0.042735 0  }
{ -0.020671 0.999786 2.35803e-06 0  }
{ -0.0427259 -0.000885732 0.999086 0  }
{ 0.0498356 1.35969 -1.88959 1  }

フレーム番号28 : 
{ 0.998567 0.0168288 0.050792 0  }
{ -0.016851 0.999858 9.04097e-06 0  }
{ -0.0507846 -0.000864925 0.998709 0  }
{ 0.0520189 1.35802 -1.88935 1  }

フレーム番号29 : 
{ 0.99818 0.0129902 0.0588817 0  }
{ -0.0130137 0.999915 1.57532e-05 0  }
{ -0.0588765 -0.000781993 0.998265 0  }
{ 0.0542098 1.3563 -1.88905 1  }

フレーム番号30 : 
{ 0.997712 0.00914561 0.0669855 0  }
{ -0.0091677 0.999958 2.24794e-05 0  }
{ -0.0669825 -0.000636532 0.997754 0  }
{ 0.0564028 1.35455 -1.88871 1  }

フレーム番号31 : 
{ 0.997163 0.00530441 0.075085 0  }
{ -0.00532163 0.999986 2.92041e-05 0  }
{ -0.0750838 -0.000428695 0.997177 0  }
{ 0.0585925 1.35277 -1.88831 1  }

フレーム番号32 : 
{ 0.996535 0.00147595 0.0831615 0  }
{ -0.00148408 0.999999 3.59119e-05 0  }
{ -0.0831613 -0.000159206 0.996536 0  }
{ 0.0607733 1.35095 -1.88786 1  }

フレーム番号33 : 
{ 0.99583 -0.00233048 0.0911965 0  }
{ 0.00233634 0.999997 4.25875e-05 0  }
{ -0.0911964 0.000170656 0.995833 0  }
{ 0.0629398 1.34912 -1.88737 1  }

フレーム番号34 : 
{ 0.995052 -0.00610568 0.0991718 0  }
{ 0.00613102 0.999981 4.92155e-05 0  }
{ -0.0991703 0.000559053 0.99507 0  }
{ 0.0650867 1.34726 -1.88682 1  }

フレーム番号35 : 
{ 0.994203 -0.00984048 0.107069 0  }
{ 0.00989136 0.999951 5.57807e-05 0  }
{ -0.107064 0.0010036 0.994252 0  }
{ 0.0672085 1.34539 -1.88624 1  }

フレーム番号36 : 
{ 0.993289 -0.0135258 0.11487 0  }
{ 0.0136088 0.999907 6.22678e-05 0  }
{ -0.11486 0.00150138 0.993381 0  }
{ 0.0693001 1.34351 -1.88561 1  }

フレーム番号37 : 
{ 0.992313 -0.0171528 0.122556 0  }
{ 0.0172746 0.999851 6.86616e-05 0  }
{ -0.122539 0.00204897 0.992462 0  }
{ 0.0713564 1.34163 -1.88495 1  }

フレーム番号38 : 
{ 0.991283 -0.0207127 0.130109 0  }
{ 0.0208804 0.999782 7.49471e-05 0  }
{ -0.130082 0.00264244 0.9915 0  }
{ 0.0733723 1.33975 -1.88425 1  }

フレーム番号39 : 
{ 0.990205 -0.0241967 0.137512 0  }
{ 0.0244175 0.999702 8.11091e-05 0  }
{ -0.137473 0.00327739 0.9905 0  }
{ 0.0753429 1.33788 -1.88352 1  }

フレーム番号40 : 
{ 0.989084 -0.0275963 0.144747 0  }
{ 0.0278773 0.999611 8.71327e-05 0  }
{ -0.144693 0.00394896 0.989469 0  }
{ 0.0772634 1.33602 -1.88277 1  }

フレーム番号41 : 
{ 0.987929 -0.0309032 0.151795 0  }
{ 0.0312513 0.999512 9.30031e-05 0  }
{ -0.151724 0.00465191 0.988412 0  }
{ 0.0791291 1.33419 -1.882 1  }

フレーム番号42 : 
{ 0.986747 -0.0341092 0.15864 0  }
{ 0.0345309 0.999404 9.87054e-05 0  }
{ -0.158548 0.00538057 0.987337 0  }
{ 0.0809355 1.33238 -1.88121 1  }

フレーム番号43 : 
{ 0.985547 -0.0372063 0.165263 0  }
{ 0.0377076 0.999289 0.000104225 0  }
{ -0.165149 0.00612895 0.98625 0  }
{ 0.0826782 1.3306 -1.88041 1  }

フレーム番号44 : 
{ 0.984338 -0.0401864 0.171648 0  }
{ 0.0407728 0.999168 0.000109547 0  }
{ -0.171509 0.00689073 0.985158 0  }
{ 0.0843528 1.32887 -1.87961 1  }

フレーム番号45 : 
{ 0.983129 -0.043042 0.177777 0  }
{ 0.043718 0.999044 0.000114657 0  }
{ -0.177612 0.00765932 0.984071 0  }
{ 0.0859552 1.32719 -1.8788 1  }

フレーム番号46 : 
{ 0.981929 -0.0457654 0.183632 0  }
{ 0.0465348 0.998917 0.000119541 0  }
{ -0.183439 0.00842791 0.982995 0  }
{ 0.0874813 1.32556 -1.87801 1  }

フレーム番号47 : 
{ 0.980748 -0.0483491 0.189198 0  }
{ 0.0492145 0.998788 0.000124184 0  }
{ -0.188975 0.0091895 0.981939 0  }
{ 0.0889273 1.324 -1.87723 1  }

フレーム番号48 : 
{ 0.979595 -0.0507858 0.194457 0  }
{ 0.0517487 0.99866 0.000128571 0  }
{ -0.194203 0.00993694 0.980911 0  }
{ 0.0902891 1.3225 -1.87647 1  }

フレーム番号49 : 
{ 0.978482 -0.0530684 0.199391 0  }
{ 0.0541289 0.998534 0.000132689 0  }
{ -0.199106 0.010663 0.97992 0  }
{ 0.0915631 1.32109 -1.87573 1  }

フレーム番号50 : 
{ 0.977417 -0.0551897 0.203985 0  }
{ 0.0563467 0.998411 0.000136524 0  }
{ -0.203669 0.0113604 0.978974 0  }
{ 0.0927456 1.31976 -1.87503 1  }

フレーム番号51 : 
{ 0.976411 -0.0571426 0.208222 0  }
{ 0.0583934 0.998294 0.000140061 0  }
{ -0.207874 0.012022 0.978082 0  }
{ 0.093833 1.31852 -1.87437 1  }

フレーム番号52 : 
{ 0.975474 -0.0589202 0.212084 0  }
{ 0.0602607 0.998183 0.000143286 0  }
{ -0.211707 0.0126405 0.977252 0  }
{ 0.0948216 1.31739 -1.87375 1  }

フレーム番号53 : 
{ 0.974615 -0.0605155 0.215554 0  }
{ 0.0619401 0.99808 0.000146184 0  }
{ -0.215149 0.013209 0.976492 0  }
{ 0.0957079 1.31636 -1.87318 1  }

フレーム番号54 : 
{ 0.973844 -0.0619214 0.218618 0  }
{ 0.0634232 0.997987 0.000148743 0  }
{ -0.218187 0.0137206 0.975811 0  }
{ 0.0964882 1.31545 -1.87268 1  }

フレーム番号55 : 
{ 0.97317 -0.0631311 0.221256 0  }
{ 0.0647013 0.997905 0.000150947 0  }
{ -0.220802 0.0141686 0.975216 0  }
{ 0.097159 1.31466 -1.87223 1  }

フレーム番号56 : 
{ 0.972602 -0.0641373 0.223453 0  }
{ 0.0657661 0.997835 0.000152782 0  }
{ -0.222979 0.014547 0.974715 0  }
{ 0.0977166 1.314 -1.87186 1  }

フレーム番号57 : 
{ 0.972148 -0.0649328 0.225191 0  }
{ 0.0666091 0.997779 0.000154235 0  }
{ -0.224701 0.0148499 0.974315 0  }
{ 0.0981572 1.31347 -1.87156 1  }

フレーム番号58 : 
{ 0.971816 -0.0655105 0.226455 0  }
{ 0.0672217 0.997738 0.00015529 0  }
{ -0.225953 0.0150718 0.974022 0  }
{ 0.098477 1.31309 -1.87134 1  }

フレーム番号59 : 
{ 0.971612 -0.0658627 0.227225 0  }
{ 0.0675955 0.997713 0.000155934 0  }
{ -0.226716 0.0152079 0.973842 0  }
{ 0.0986719 1.31286 -1.87121 1  }

フレーム番号60 : 
{ 0.971543 -0.0659819 0.227486 0  }
{ 0.067722 0.997704 0.000156152 0  }
{ -0.226974 0.0152541 0.973781 0  }
{ 0.0987378 1.31278 -1.87117 1  }

フレーム番号61 : 
{ 0.971612 -0.0658627 0.227225 0  }
{ 0.0675955 0.997713 0.000155934 0  }
{ -0.226716 0.0152079 0.973842 0  }
{ 0.0986719 1.31286 -1.87121 1  }

フレーム番号62 : 
{ 0.971816 -0.0655105 0.226455 0  }
{ 0.0672217 0.997738 0.00015529 0  }
{ -0.225953 0.0150718 0.974022 0  }
{ 0.098477 1.31309 -1.87134 1  }

フレーム番号63 : 
{ 0.972148 -0.0649328 0.225192 0  }
{ 0.0666091 0.997779 0.000154235 0  }
{ -0.224701 0.0148499 0.974315 0  }
{ 0.0981572 1.31348 -1.87156 1  }

フレーム番号64 : 
{ 0.972602 -0.0641373 0.223453 0  }
{ 0.0657661 0.997835 0.000152782 0  }
{ -0.222979 0.014547 0.974715 0  }
{ 0.0977167 1.314 -1.87186 1  }

フレーム番号65 : 
{ 0.97317 -0.0631311 0.221256 0  }
{ 0.0647013 0.997905 0.000150947 0  }
{ -0.220802 0.0141687 0.975216 0  }
{ 0.0971591 1.31467 -1.87223 1  }

フレーム番号66 : 
{ 0.973844 -0.0619214 0.218618 0  }
{ 0.0634232 0.997987 0.000148743 0  }
{ -0.218187 0.0137206 0.975811 0  }
{ 0.0964883 1.31546 -1.87268 1  }

フレーム番号67 : 
{ 0.974615 -0.0605155 0.215555 0  }
{ 0.0619401 0.99808 0.000146185 0  }
{ -0.21515 0.013209 0.976492 0  }
{ 0.095708 1.31638 -1.87318 1  }

フレーム番号68 : 
{ 0.975474 -0.0589202 0.212084 0  }
{ 0.0602607 0.998183 0.000143286 0  }
{ -0.211707 0.0126406 0.977251 0  }
{ 0.0948218 1.31741 -1.87375 1  }

フレーム番号69 : 
{ 0.976411 -0.0571426 0.208222 0  }
{ 0.0583934 0.998294 0.000140061 0  }
{ -0.207875 0.012022 0.978082 0  }
{ 0.0938333 1.31855 -1.87437 1  }

フレーム番号70 : 
{ 0.977417 -0.0551897 0.203986 0  }
{ 0.0563467 0.998411 0.000136524 0  }
{ -0.203669 0.0113605 0.978974 0  }
{ 0.092746 1.31979 -1.87503 1  }

フレーム番号71 : 
{ 0.978482 -0.0530684 0.199392 0  }
{ 0.0541289 0.998534 0.00013269 0  }
{ -0.199107 0.010663 0.97992 0  }
{ 0.0915636 1.32113 -1.87573 1  }

フレーム番号72 : 
{ 0.979595 -0.0507858 0.194457 0  }
{ 0.0517487 0.99866 0.000128572 0  }
{ -0.194203 0.00993697 0.980911 0  }
{ 0.0902896 1.32255 -1.87647 1  }

フレーム番号73 : 
{ 0.980748 -0.0483491 0.189199 0  }
{ 0.0492145 0.998788 0.000124184 0  }
{ -0.188976 0.00918953 0.981939 0  }
{ 0.0889278 1.32405 -1.87723 1  }

フレーム番号74 : 
{ 0.981929 -0.0457654 0.183633 0  }
{ 0.0465348 0.998917 0.000119541 0  }
{ -0.18344 0.00842795 0.982995 0  }
{ 0.087482 1.32563 -1.87801 1  }

フレーム番号75 : 
{ 0.983129 -0.043042 0.177778 0  }
{ 0.043718 0.999044 0.000114658 0  }
{ -0.177613 0.00765936 0.984071 0  }
{ 0.085956 1.32726 -1.8788 1  }

フレーム番号76 : 
{ 0.984338 -0.0401864 0.171649 0  }
{ 0.0407728 0.999168 0.000109548 0  }
{ -0.171511 0.00689077 0.985158 0  }
{ 0.0843537 1.32896 -1.87961 1  }

フレーム番号77 : 
{ 0.985547 -0.0372063 0.165264 0  }
{ 0.0377076 0.999289 0.000104226 0  }
{ -0.165151 0.006129 0.986249 0  }
{ 0.0826792 1.3307 -1.88041 1  }

フレーム番号78 : 
{ 0.986747 -0.0341093 0.158641 0  }
{ 0.0345309 0.999404 9.87066e-05 0  }
{ -0.15855 0.00538062 0.987336 0  }
{ 0.0809366 1.33248 -1.88121 1  }

フレーム番号79 : 
{ 0.987929 -0.0309033 0.151797 0  }
{ 0.0312513 0.999512 9.30044e-05 0  }
{ -0.151725 0.00465196 0.988412 0  }
{ 0.0791303 1.3343 -1.882 1  }

フレーム番号80 : 
{ 0.989084 -0.0275963 0.144748 0  }
{ 0.0278773 0.999611 8.71342e-05 0  }
{ -0.144695 0.00394901 0.989469 0  }
{ 0.0772647 1.33615 -1.88277 1  }

フレーム番号81 : 
{ 0.990204 -0.0241967 0.137514 0  }
{ 0.0244175 0.999702 8.11107e-05 0  }
{ -0.137475 0.00327743 0.9905 0  }
{ 0.0753443 1.33801 -1.88352 1  }

フレーム番号82 : 
{ 0.991283 -0.0207127 0.130111 0  }
{ 0.0208804 0.999782 7.49488e-05 0  }
{ -0.130084 0.00264249 0.991499 0  }
{ 0.0733738 1.3399 -1.88425 1  }

フレーム番号83 : 
{ 0.992313 -0.0171529 0.122558 0  }
{ 0.0172747 0.999851 6.86634e-05 0  }
{ -0.122541 0.00204901 0.992461 0  }
{ 0.071358 1.34179 -1.88495 1  }

フレーム番号84 : 
{ 0.993288 -0.0135259 0.114872 0  }
{ 0.0136088 0.999907 6.22697e-05 0  }
{ -0.114862 0.00150142 0.99338 0  }
{ 0.0693019 1.34368 -1.88561 1  }

フレーム番号85 : 
{ 0.994203 -0.00984051 0.107071 0  }
{ 0.0098914 0.999951 5.57828e-05 0  }
{ -0.107067 0.00100363 0.994251 0  }
{ 0.0672104 1.34557 -1.88624 1  }

フレーム番号86 : 
{ 0.995051 -0.00610571 0.0991744 0  }
{ 0.00613106 0.999981 4.92177e-05 0  }
{ -0.0991729 0.00055907 0.99507 0  }
{ 0.0650886 1.34745 -1.88682 1  }

フレーム番号87 : 
{ 0.99583 -0.00233053 0.0911993 0  }
{ 0.00233638 0.999997 4.25898e-05 0  }
{ -0.0911992 0.000170664 0.995833 0  }
{ 0.0629419 1.34932 -1.88736 1  }

フレーム番号88 : 
{ 0.996535 0.00147591 0.0831644 0  }
{ -0.00148404 0.999999 3.59144e-05 0  }
{ -0.0831643 -0.000159209 0.996536 0  }
{ 0.0607756 1.35117 -1.88786 1  }

フレーム番号89 : 
{ 0.997163 0.00530437 0.0750881 0  }
{ -0.00532159 0.999986 2.92067e-05 0  }
{ -0.0750869 -0.000428712 0.997177 0  }
{ 0.0585949 1.35299 -1.88831 1  }

フレーム番号90 : 
{ 0.997712 0.00914556 0.0669888 0  }
{ -0.00916766 0.999958 2.24821e-05 0  }
{ -0.0669858 -0.000636562 0.997754 0  }
{ 0.0564053 1.35479 -1.88871 1  }

フレーム番号91 : 
{ 0.99818 0.0129901 0.0588852 0  }
{ -0.0130137 0.999915 1.57561e-05 0  }
{ -0.05888 -0.000782039 0.998265 0  }
{ 0.0542124 1.35655 -1.88905 1  }

フレーム番号92 : 
{ 0.998567 0.0168287 0.0507956 0  }
{ -0.016851 0.999858 9.04398e-06 0  }
{ -0.0507883 -0.000864986 0.998709 0  }
{ 0.0520216 1.35828 -1.88935 1  }

フレーム番号93 : 
{ 0.998873 0.020652 0.0427388 0  }
{ -0.020671 0.999786 2.36118e-06 0  }
{ -0.0427296 -0.000885812 0.999086 0  }
{ 0.0498385 1.35997 -1.88959 1  }

フレーム番号94 : 
{ 0.999097 0.0244505 0.0347334 0  }
{ -0.0244651 0.999701 -4.27691e-06 0  }
{ -0.0347231 -0.000845482 0.999397 0  }
{ 0.0476685 1.36161 -1.88979 1  }

フレーム番号95 : 
{ 0.999243 0.0282149 0.0267978 0  }
{ -0.0282247 0.999602 -1.08549e-05 0  }
{ -0.0267875 -0.000745515 0.999641 0  }
{ 0.0455173 1.36321 -1.88993 1  }

フレーム番号96 : 
{ 0.99931 0.0319359 0.0189509 0  }
{ -0.0319413 0.99949 -1.73574e-05 0  }
{ -0.0189418 -0.00058797 0.99982 0  }
{ 0.0433903 1.36476 -1.89002 1  }

フレーム番号97 : 
{ 0.999303 0.0356042 0.0112111 0  }
{ -0.0356062 0.999366 -2.37692e-05 0  }
{ -0.0112048 -0.00037543 0.999937 0  }
{ 0.0412929 1.36626 -1.89007 1  }

フレーム番号98 : 
{ 0.999224 0.0392107 0.0035969 0  }
{ -0.0392108 0.999231 -3.00749e-05 0  }
{ -0.00359531 -0.000110986 0.999994 0  }
{ 0.0392306 1.3677 -1.89007 1  }

フレーム番号99 : 
{ 0.999078 0.0427462 -0.00387306 0  }
{ -0.0427466 0.999086 -3.62594e-05 0  }
{ 0.00386797 0.000201786 0.999992 0  }
{ 0.0372088 1.36909 -1.89002 1  }

フレーム番号100 : 
{ 0.99887 0.0462018 -0.0111803 0  }
{ -0.0462051 0.998932 -4.23074e-05 0  }
{ 0.0111665 0.000558849 0.999937 0  }
{ 0.0352326 1.37043 -1.88994 1  }

フレーム番号101 : 
{ 0.998603 0.0495685 -0.0183066 0  }
{ -0.0495777 0.99877 -4.82038e-05 0  }
{ 0.0182817 0.000955734 0.999832 0  }
{ 0.0333074 1.3717 -1.88982 1  }

フレーム番号102 : 
{ 0.998284 0.0528376 -0.0252334 0  }
{ -0.0528557 0.998602 -5.39336e-05 0  }
{ 0.0251953 0.00138757 0.999682 0  }
{ 0.0314382 1.37292 -1.88966 1  }

フレーム番号103 : 
{ 0.99792 0.0560004 -0.0319425 0  }
{ -0.0560308 0.998429 -5.94818e-05 0  }
{ 0.031889 0.00184912 0.99949 0  }
{ 0.02963 1.37407 -1.88948 1  }

フレーム番号104 : 
{ 0.997516 0.0590483 -0.0384156 0  }
{ -0.0590944 0.998252 -6.48335e-05 0  }
{ 0.0383447 0.00233482 0.999262 0  }
{ 0.0278878 1.37516 -1.88927 1  }

フレーム番号105 : 
{ 0.997079 0.0619731 -0.0446347 0  }
{ -0.062038 0.998074 -6.99738e-05 0  }
{ 0.0445444 0.00283882 0.999003 0  }
{ 0.0262165 1.3762 -1.88903 1  }

フレーム番号106 : 
{ 0.996618 0.0647663 -0.0505817 0  }
{ -0.064853 0.997895 -7.4888e-05 0  }
{ 0.0504704 0.00335501 0.99872 0  }
{ 0.0246207 1.37717 -1.88878 1  }

フレーム番号107 : 
{ 0.996138 0.0674198 -0.0562385 0  }
{ -0.0675311 0.997717 -7.95614e-05 0  }
{ 0.0561048 0.0038771 0.998417 0  }
{ 0.0231052 1.37807 -1.88851 1  }

フレーム番号108 : 
{ 0.995649 0.0699255 -0.0615872 0  }
{ -0.0700637 0.997543 -8.39792e-05 0  }
{ 0.06143 0.00439864 0.998102 0  }
{ 0.0216746 1.37891 -1.88824 1  }

フレーム番号109 : 
{ 0.995158 0.0722755 -0.06661 0  }
{ -0.0724422 0.997373 -8.8127e-05 0  }
{ 0.0664286 0.00491308 0.997779 0  }
{ 0.0203333 1.37969 -1.88796 1  }

フレーム番号110 : 
{ 0.994672 0.0744619 -0.071289 0  }
{ -0.0746584 0.997209 -9.19901e-05 0  }
{ 0.0710832 0.00541382 0.997456 0  }
{ 0.0190858 1.38041 -1.88769 1  }

フレーム番号111 : 
{ 0.994201 0.0764769 -0.0756065 0  }
{ -0.0767037 0.997054 -9.55541e-05 0  }
{ 0.0753764 0.00589429 0.997138 0  }
{ 0.0179365 1.38106 -1.88742 1  }

フレーム番号112 : 
{ 0.99375 0.0783128 -0.0795447 0  }
{ -0.0785696 0.996909 -9.88044e-05 0  }
{ 0.079291 0.00634798 0.996831 0  }
{ 0.0168898 1.38164 -1.88716 1  }

フレーム番号113 : 
{ 0.993329 0.0799618 -0.0830859 0  }
{ -0.0802477 0.996775 -0.000101727 0  }
{ 0.0828098 0.0067685 0.996542 0  }
{ 0.0159498 1.38216 -1.88692 1  }

フレーム番号114 : 
{ 0.992945 0.0814162 -0.0862124 0  }
{ -0.0817295 0.996655 -0.000104306 0  }
{ 0.0859155 0.00714967 0.996277 0  }
{ 0.0151211 1.38262 -1.88669 1  }

フレーム番号115 : 
{ 0.992603 0.0826685 -0.0889066 0  }
{ -0.0830066 0.996549 -0.000106529 0  }
{ 0.088591 0.00748558 0.99604 0  }
{ 0.0144077 1.38301 -1.8865 1  }

フレーム番号116 : 
{ 0.992312 0.0837107 -0.0911508 0  }
{ -0.0840705 0.99646 -0.00010838 0  }
{ 0.090819 0.00777064 0.995837 0  }
{ 0.0138141 1.38333 -1.88633 1  }

フレーム番号117 : 
{ 0.992078 0.0845352 -0.0929272 0  }
{ -0.0849128 0.996388 -0.000109846 0  }
{ 0.0925823 0.00799969 0.995673 0  }
{ 0.0133446 1.38358 -1.88619 1  }

フレーム番号118 : 
{ 0.991905 0.0851341 -0.0942182 0  }
{ -0.0855249 0.996336 -0.000110911 0  }
{ 0.0938635 0.00816802 0.995552 0  }
{ 0.0130037 1.38376 -1.88609 1  }

フレーム番号119 : 
{ 0.991798 0.0854994 -0.0950059 0  }
{ -0.0858985 0.996304 -0.00011156 0  }
{ 0.0946452 0.0082715 0.995477 0  }
{ 0.0127958 1.38387 -1.88603 1  }

フレーム番号120 : 
{ 0.991762 0.0856229 -0.0952724 0  }
{ -0.0860248 0.996293 -0.00011178 0  }
{ 0.0949097 0.00830665 0.995451 0  }
{ 0.0127254 1.38391 -1.88601 1  }

