
[MeshData]

ボーン番号 : 12

ボーン名 : {  }

オフセット行列 : 
{ -0.683379 8.36898e-17 0.730064 0  }
{ 2.11872e-16 1 8.36898e-17 0  }
{ -0.730064 2.11872e-16 -0.683379 0  }
{ -0.746764 2.37716 0.95453 1  }

アニメーション行列 : 
フレーム番号0 : 
{ -0.683379 0 0.730064 0  }
{ 0 1 0 0  }
{ -0.730064 0 -0.683379 0  }
{ -0.746764 2.37716 0.95453 1  }

フレーム番号1 : 
{ -0.683135 -0.0267041 0.729804 0  }
{ -0.018249 0.999643 0.0194957 0  }
{ -0.730064 -1.48238e-18 -0.683379 0  }
{ -0.746764 2.37716 0.95453 1  }

フレーム番号2 : 
{ -0.682404 -0.0533893 0.729023 0  }
{ -0.0364851 0.998574 0.0389776 0  }
{ -0.730064 -6.4282e-18 -0.683379 0  }
{ -0.746764 2.37716 0.95453 1  }

フレーム番号3 : 
{ -0.681186 -0.0800363 0.727722 0  }
{ -0.0546951 0.996792 0.0584316 0  }
{ -0.730064 0 -0.683379 0  }
{ -0.746764 2.37716 0.95453 1  }

フレーム番号4 : 
{ -0.679483 -0.106626 0.725902 0  }
{ -0.0728661 0.994299 0.077844 0  }
{ -0.730064 5.91894e-18 -0.683379 0  }
{ -0.746764 2.37716 0.95453 1  }

フレーム番号5 : 
{ -0.677295 -0.13314 0.723564 0  }
{ -0.0909851 0.991097 0.0972008 0  }
{ -0.730064 1.02728e-18 -0.683379 0  }
{ -0.746764 2.37716 0.95453 1  }

フレーム番号6 : 
{ -0.674624 -0.159559 0.720711 0  }
{ -0.109039 0.987188 0.116488 0  }
{ -0.730064 -1.37e-17 -0.683379 0  }
{ -0.746764 2.37716 0.95453 1  }

フレーム番号7 : 
{ -0.671471 -0.185864 0.717343 0  }
{ -0.127016 0.982575 0.135693 0  }
{ -0.730064 0 -0.683379 0  }
{ -0.746764 2.37716 0.95453 1  }

フレーム番号8 : 
{ -0.66784 -0.212037 0.713464 0  }
{ -0.144901 0.977262 0.1548 0  }
{ -0.730064 0 -0.683379 0  }
{ -0.746764 2.37716 0.95453 1  }

フレーム番号9 : 
{ -0.663732 -0.238058 0.709075 0  }
{ -0.162684 0.971251 0.173798 0  }
{ -0.730064 1.32149e-17 -0.683379 0  }
{ -0.746764 2.37716 0.95453 1  }

フレーム番号10 : 
{ -0.659151 -0.26391 0.704181 0  }
{ -0.18035 0.964547 0.192671 0  }
{ -0.730064 2.67716e-17 -0.683379 0  }
{ -0.746764 2.37716 0.95453 1  }

フレーム番号11 : 
{ -0.6541 -0.289573 0.698785 0  }
{ -0.197888 0.957156 0.211407 0  }
{ -0.730064 0 -0.683379 0  }
{ -0.746764 2.37716 0.95453 1  }

フレーム番号12 : 
{ -0.648582 -0.31503 0.692891 0  }
{ -0.215285 0.949082 0.229992 0  }
{ -0.730064 0 -0.683379 0  }
{ -0.746764 2.37716 0.95453 1  }

フレーム番号13 : 
{ -0.642602 -0.340262 0.686502 0  }
{ -0.232528 0.940331 0.248413 0  }
{ -0.730064 0 -0.683379 0  }
{ -0.746764 2.37716 0.95453 1  }

フレーム番号14 : 
{ -0.636163 -0.365251 0.679623 0  }
{ -0.249605 0.930909 0.266657 0  }
{ -0.730064 2.02755e-17 -0.683379 0  }
{ -0.746764 2.37716 0.95453 1  }

フレーム番号15 : 
{ -0.629271 -0.38998 0.67226 0  }
{ -0.266504 0.920823 0.28471 0  }
{ -0.730064 -2.16482e-17 -0.683379 0  }
{ -0.746764 2.37716 0.95453 1  }

フレーム番号16 : 
{ -0.62193 -0.414431 0.664417 0  }
{ -0.283213 0.910081 0.302561 0  }
{ -0.730064 -2.25429e-18 -0.683379 0  }
{ -0.746764 2.37716 0.95453 1  }

フレーム番号17 : 
{ -0.614145 -0.438586 0.656101 0  }
{ -0.29972 0.898689 0.320196 0  }
{ -0.730064 5.97234e-19 -0.683379 0  }
{ -0.746764 2.37716 0.95453 1  }

フレーム番号18 : 
{ -0.605922 -0.462428 0.647316 0  }
{ -0.316014 0.886657 0.337602 0  }
{ -0.730064 4.92193e-17 -0.683379 0  }
{ -0.746764 2.37716 0.95453 1  }

フレーム番号19 : 
{ -0.597267 -0.485941 0.63807 0  }
{ -0.332081 0.873992 0.354768 0  }
{ -0.730064 -2.71698e-18 -0.683379 0  }
{ -0.746764 2.37716 0.95453 1  }

フレーム番号20 : 
{ -0.588186 -0.509107 0.628369 0  }
{ -0.347913 0.860703 0.37168 0  }
{ -0.730064 0 -0.683379 0  }
{ -0.746764 2.37716 0.95453 1  }

フレーム番号21 : 
{ -0.597929 -0.484194 0.638777 0  }
{ -0.330888 0.874961 0.353493 0  }
{ -0.730064 -2.4285e-17 -0.683379 0  }
{ -0.746764 2.37716 0.95453 1  }

フレーム番号22 : 
{ -0.60718 -0.458883 0.64866 0  }
{ -0.313591 0.888497 0.335014 0  }
{ -0.730064 -4.93215e-17 -0.683379 0  }
{ -0.746764 2.37716 0.95453 1  }

フレーム番号23 : 
{ -0.61593 -0.433194 0.658007 0  }
{ -0.296035 0.901301 0.316259 0  }
{ -0.730064 -2.50161e-17 -0.683379 0  }
{ -0.746764 2.37716 0.95453 1  }

フレーム番号24 : 
{ -0.624172 -0.407147 0.666813 0  }
{ -0.278236 0.913363 0.297244 0  }
{ -0.730064 -4.79521e-17 -0.683379 0  }
{ -0.746764 2.37716 0.95453 1  }

フレーム番号25 : 
{ -0.631901 -0.380766 0.67507 0  }
{ -0.260207 0.924672 0.277983 0  }
{ -0.730064 0 -0.683379 0  }
{ -0.746764 2.37716 0.95453 1  }

フレーム番号26 : 
{ -0.639109 -0.35407 0.68277 0  }
{ -0.241964 0.935219 0.258494 0  }
{ -0.730064 0 -0.683379 0  }
{ -0.746764 2.37716 0.95453 1  }

フレーム番号27 : 
{ -0.64579 -0.327083 0.689907 0  }
{ -0.223522 0.944996 0.238792 0  }
{ -0.730064 -4.43857e-17 -0.683379 0  }
{ -0.746764 2.37716 0.95453 1  }

フレーム番号28 : 
{ -0.651939 -0.299827 0.696477 0  }
{ -0.204895 0.953994 0.218893 0  }
{ -0.730064 0 -0.683379 0  }
{ -0.746764 2.37716 0.95453 1  }

フレーム番号29 : 
{ -0.657551 -0.272323 0.702472 0  }
{ -0.1861 0.962206 0.198813 0  }
{ -0.730064 -2.67066e-17 -0.683379 0  }
{ -0.746764 2.37716 0.95453 1  }

フレーム番号30 : 
{ -0.662621 -0.244595 0.707889 0  }
{ -0.167151 0.969625 0.17857 0  }
{ -0.730064 2.7034e-17 -0.683379 0  }
{ -0.746764 2.37716 0.95453 1  }

フレーム番号31 : 
{ -0.667146 -0.216665 0.712722 0  }
{ -0.148065 0.976246 0.15818 0  }
{ -0.730064 -1.35481e-17 -0.683379 0  }
{ -0.746764 2.37716 0.95453 1  }

フレーム番号32 : 
{ -0.67112 -0.188557 0.716968 0  }
{ -0.128856 0.982062 0.137659 0  }
{ -0.730064 1.36289e-17 -0.683379 0  }
{ -0.746764 2.37716 0.95453 1  }

フレーム番号33 : 
{ -0.674542 -0.160294 0.720624 0  }
{ -0.109541 0.987069 0.117025 0  }
{ -0.730064 0 -0.683379 0  }
{ -0.746764 2.37716 0.95453 1  }

フレーム番号34 : 
{ -0.677408 -0.131899 0.723686 0  }
{ -0.0901367 0.991263 0.0962944 0  }
{ -0.730064 -7.32184e-18 -0.683379 0  }
{ -0.746764 2.37716 0.95453 1  }

フレーム番号35 : 
{ -0.679716 -0.103394 0.726151 0  }
{ -0.0706576 0.99464 0.0754846 0  }
{ -0.730064 0 -0.683379 0  }
{ -0.746764 2.37716 0.95453 1  }

フレーム番号36 : 
{ -0.681464 -0.0748052 0.728019 0  }
{ -0.0511203 0.997198 0.0546126 0  }
{ -0.730064 0 -0.683379 0  }
{ -0.746764 2.37716 0.95453 1  }

フレーム番号37 : 
{ -0.68265 -0.0461543 0.729286 0  }
{ -0.0315408 0.998934 0.0336956 0  }
{ -0.730064 -3.46575e-18 -0.683379 0  }
{ -0.746764 2.37716 0.95453 1  }

フレーム番号38 : 
{ -0.683274 -0.0174653 0.729953 0  }
{ -0.0119354 0.999847 0.0127508 0  }
{ -0.730064 -9.69519e-19 -0.683379 0  }
{ -0.746764 2.37716 0.95453 1  }

フレーム番号39 : 
{ -0.683336 0.011238 0.730018 0  }
{ 0.00767983 0.999937 -0.00820448 0  }
{ -0.730064 -8.67307e-19 -0.683379 0  }
{ -0.746764 2.37716 0.95453 1  }

フレーム番号40 : 
{ -0.682834 0.0399321 0.729482 0  }
{ 0.0272887 0.999202 -0.029153 0  }
{ -0.730064 2.21668e-18 -0.683379 0  }
{ -0.746764 2.37716 0.95453 1  }

フレーム番号41 : 
{ -0.682887 0.0379365 0.729539 0  }
{ 0.025925 0.99928 -0.0276961 0  }
{ -0.730064 0 -0.683379 0  }
{ -0.746764 2.37716 0.95453 1  }

フレーム番号42 : 
{ -0.682937 0.0359407 0.729592 0  }
{ 0.0245611 0.999354 -0.026239 0  }
{ -0.730064 -1.4721e-18 -0.683379 0  }
{ -0.746764 2.37716 0.95453 1  }

フレーム番号43 : 
{ -0.682985 0.0339448 0.729643 0  }
{ 0.0231971 0.999424 -0.0247819 0  }
{ -0.730064 1.88431e-18 -0.683379 0  }
{ -0.746764 2.37716 0.95453 1  }

フレーム番号44 : 
{ -0.68303 0.0319487 0.729691 0  }
{ 0.0218331 0.999489 -0.0233246 0  }
{ -0.730064 -1.77351e-18 -0.683379 0  }
{ -0.746764 2.37716 0.95453 1  }

フレーム番号45 : 
{ -0.683072 0.0299526 0.729737 0  }
{ 0.0204689 0.999551 -0.0218673 0  }
{ -0.730064 3.3254e-18 -0.683379 0  }
{ -0.746764 2.37716 0.95453 1  }

フレーム番号46 : 
{ -0.683112 0.0279563 0.729779 0  }
{ 0.0191047 0.999609 -0.0204099 0  }
{ -0.730064 1.55188e-18 -0.683379 0  }
{ -0.746764 2.37716 0.95453 1  }

フレーム番号47 : 
{ -0.683148 0.0259598 0.729818 0  }
{ 0.0177404 0.999663 -0.0189524 0  }
{ -0.730064 1.73414e-18 -0.683379 0  }
{ -0.746764 2.37716 0.95453 1  }

フレーム番号48 : 
{ -0.683182 0.0239633 0.729854 0  }
{ 0.016376 0.999713 -0.0174948 0  }
{ -0.730064 3.06446e-18 -0.683379 0  }
{ -0.746764 2.37716 0.95453 1  }

フレーム番号49 : 
{ -0.683214 0.0219667 0.729888 0  }
{ 0.0150116 0.999759 -0.0160371 0  }
{ -0.730064 0 -0.683379 0  }
{ -0.746764 2.37716 0.95453 1  }

フレーム番号50 : 
{ -0.683242 0.01997 0.729918 0  }
{ 0.0136471 0.999801 -0.0145794 0  }
{ -0.730064 1.73438e-18 -0.683379 0  }
{ -0.746764 2.37716 0.95453 1  }

フレーム番号51 : 
{ -0.683268 0.0179733 0.729946 0  }
{ 0.0122825 0.999838 -0.0131216 0  }
{ -0.730064 -7.36727e-19 -0.683379 0  }
{ -0.746764 2.37716 0.95453 1  }

フレーム番号52 : 
{ -0.683291 0.0159764 0.729971 0  }
{ 0.0109179 0.999872 -0.0116638 0  }
{ -0.730064 0 -0.683379 0  }
{ -0.746764 2.37716 0.95453 1  }

フレーム番号53 : 
{ -0.683312 0.0139795 0.729993 0  }
{ 0.00955329 0.999902 -0.0102059 0  }
{ -0.730064 0 -0.683379 0  }
{ -0.746764 2.37716 0.95453 1  }

フレーム番号54 : 
{ -0.68333 0.0119825 0.730012 0  }
{ 0.0081886 0.999928 -0.00874801 0  }
{ -0.730064 1.53246e-18 -0.683379 0  }
{ -0.746764 2.37716 0.95453 1  }

フレーム番号55 : 
{ -0.683345 0.00998551 0.730028 0  }
{ 0.00682389 0.99995 -0.00729006 0  }
{ -0.730064 0 -0.683379 0  }
{ -0.746764 2.37716 0.95453 1  }

フレーム番号56 : 
{ -0.683357 0.00798846 0.730041 0  }
{ 0.00545914 0.999968 -0.00583209 0  }
{ -0.730064 -4.43448e-19 -0.683379 0  }
{ -0.746764 2.37716 0.95453 1  }

フレーム番号57 : 
{ -0.683366 0.00599137 0.730051 0  }
{ 0.00409438 0.999982 -0.00437408 0  }
{ -0.730064 1.01085e-19 -0.683379 0  }
{ -0.746764 2.37716 0.95453 1  }

フレーム番号58 : 
{ -0.683373 0.00399426 0.730058 0  }
{ 0.00272959 0.999992 -0.00291607 0  }
{ -0.730064 -6.55403e-19 -0.683379 0  }
{ -0.746764 2.37716 0.95453 1  }

フレーム番号59 : 
{ -0.683377 0.00199713 0.730063 0  }
{ 0.0013648 0.999998 -0.00145804 0  }
{ -0.730064 0 -0.683379 0  }
{ -0.746764 2.37716 0.95453 1  }

フレーム番号60 : 
{ -0.683379 0 0.730064 0  }
{ 0 1 0 0  }
{ -0.730064 0 -0.683379 0  }
{ -0.746764 2.37716 0.95453 1  }

フレーム番号61 : 
{ -0.683135 -0.0267041 0.729804 0  }
{ -0.018249 0.999643 0.0194957 0  }
{ -0.730064 -1.48238e-18 -0.683379 0  }
{ -0.746764 2.37716 0.95453 1  }

フレーム番号62 : 
{ -0.682404 -0.0533893 0.729023 0  }
{ -0.0364851 0.998574 0.0389776 0  }
{ -0.730064 -6.4282e-18 -0.683379 0  }
{ -0.746764 2.37716 0.95453 1  }

フレーム番号63 : 
{ -0.681186 -0.0800363 0.727722 0  }
{ -0.0546951 0.996792 0.0584316 0  }
{ -0.730064 0 -0.683379 0  }
{ -0.746764 2.37716 0.95453 1  }

フレーム番号64 : 
{ -0.679483 -0.106626 0.725902 0  }
{ -0.0728661 0.994299 0.077844 0  }
{ -0.730064 5.91894e-18 -0.683379 0  }
{ -0.746764 2.37716 0.95453 1  }

フレーム番号65 : 
{ -0.677295 -0.13314 0.723564 0  }
{ -0.0909851 0.991097 0.0972008 0  }
{ -0.730064 1.02728e-18 -0.683379 0  }
{ -0.746764 2.37716 0.95453 1  }

フレーム番号66 : 
{ -0.674624 -0.159559 0.720711 0  }
{ -0.109039 0.987188 0.116488 0  }
{ -0.730064 -1.37e-17 -0.683379 0  }
{ -0.746764 2.37716 0.95453 1  }

フレーム番号67 : 
{ -0.671471 -0.185864 0.717343 0  }
{ -0.127016 0.982575 0.135693 0  }
{ -0.730064 0 -0.683379 0  }
{ -0.746764 2.37716 0.95453 1  }

フレーム番号68 : 
{ -0.66784 -0.212037 0.713464 0  }
{ -0.144901 0.977262 0.1548 0  }
{ -0.730064 0 -0.683379 0  }
{ -0.746764 2.37716 0.95453 1  }

フレーム番号69 : 
{ -0.663732 -0.238058 0.709075 0  }
{ -0.162684 0.971251 0.173798 0  }
{ -0.730064 1.32149e-17 -0.683379 0  }
{ -0.746764 2.37716 0.95453 1  }

フレーム番号70 : 
{ -0.659151 -0.26391 0.704181 0  }
{ -0.18035 0.964547 0.192671 0  }
{ -0.730064 2.67716e-17 -0.683379 0  }
{ -0.746764 2.37716 0.95453 1  }

フレーム番号71 : 
{ -0.6541 -0.289573 0.698785 0  }
{ -0.197888 0.957156 0.211407 0  }
{ -0.730064 0 -0.683379 0  }
{ -0.746764 2.37716 0.95453 1  }

フレーム番号72 : 
{ -0.648582 -0.31503 0.692891 0  }
{ -0.215285 0.949082 0.229992 0  }
{ -0.730064 0 -0.683379 0  }
{ -0.746764 2.37716 0.95453 1  }

フレーム番号73 : 
{ -0.642602 -0.340262 0.686502 0  }
{ -0.232528 0.940331 0.248413 0  }
{ -0.730064 0 -0.683379 0  }
{ -0.746764 2.37716 0.95453 1  }

フレーム番号74 : 
{ -0.636163 -0.365251 0.679623 0  }
{ -0.249605 0.930909 0.266657 0  }
{ -0.730064 2.02755e-17 -0.683379 0  }
{ -0.746764 2.37716 0.95453 1  }

フレーム番号75 : 
{ -0.629271 -0.38998 0.67226 0  }
{ -0.266504 0.920823 0.28471 0  }
{ -0.730064 -2.16482e-17 -0.683379 0  }
{ -0.746764 2.37716 0.95453 1  }

フレーム番号76 : 
{ -0.62193 -0.414431 0.664417 0  }
{ -0.283213 0.910081 0.302561 0  }
{ -0.730064 -2.25429e-18 -0.683379 0  }
{ -0.746764 2.37716 0.95453 1  }

フレーム番号77 : 
{ -0.614145 -0.438586 0.656101 0  }
{ -0.29972 0.898689 0.320196 0  }
{ -0.730064 5.97234e-19 -0.683379 0  }
{ -0.746764 2.37716 0.95453 1  }

フレーム番号78 : 
{ -0.605922 -0.462428 0.647316 0  }
{ -0.316014 0.886657 0.337602 0  }
{ -0.730064 4.92193e-17 -0.683379 0  }
{ -0.746764 2.37716 0.95453 1  }

フレーム番号79 : 
{ -0.597267 -0.485941 0.63807 0  }
{ -0.332081 0.873992 0.354768 0  }
{ -0.730064 -2.71698e-18 -0.683379 0  }
{ -0.746764 2.37716 0.95453 1  }

フレーム番号80 : 
{ -0.588186 -0.509107 0.628369 0  }
{ -0.347913 0.860703 0.37168 0  }
{ -0.730064 0 -0.683379 0  }
{ -0.746764 2.37716 0.95453 1  }

フレーム番号81 : 
{ -0.597929 -0.484194 0.638777 0  }
{ -0.330888 0.874961 0.353493 0  }
{ -0.730064 -2.4285e-17 -0.683379 0  }
{ -0.746764 2.37716 0.95453 1  }

フレーム番号82 : 
{ -0.60718 -0.458883 0.64866 0  }
{ -0.313591 0.888497 0.335014 0  }
{ -0.730064 -4.93215e-17 -0.683379 0  }
{ -0.746764 2.37716 0.95453 1  }

フレーム番号83 : 
{ -0.61593 -0.433194 0.658007 0  }
{ -0.296035 0.901301 0.316259 0  }
{ -0.730064 -2.50161e-17 -0.683379 0  }
{ -0.746764 2.37716 0.95453 1  }

フレーム番号84 : 
{ -0.624172 -0.407147 0.666813 0  }
{ -0.278236 0.913363 0.297244 0  }
{ -0.730064 -4.79521e-17 -0.683379 0  }
{ -0.746764 2.37716 0.95453 1  }

フレーム番号85 : 
{ -0.631901 -0.380766 0.67507 0  }
{ -0.260207 0.924672 0.277983 0  }
{ -0.730064 0 -0.683379 0  }
{ -0.746764 2.37716 0.95453 1  }

フレーム番号86 : 
{ -0.639109 -0.35407 0.68277 0  }
{ -0.241964 0.935219 0.258494 0  }
{ -0.730064 0 -0.683379 0  }
{ -0.746764 2.37716 0.95453 1  }

フレーム番号87 : 
{ -0.64579 -0.327083 0.689907 0  }
{ -0.223522 0.944996 0.238792 0  }
{ -0.730064 -4.43857e-17 -0.683379 0  }
{ -0.746764 2.37716 0.95453 1  }

フレーム番号88 : 
{ -0.651939 -0.299827 0.696477 0  }
{ -0.204895 0.953994 0.218893 0  }
{ -0.730064 0 -0.683379 0  }
{ -0.746764 2.37716 0.95453 1  }

フレーム番号89 : 
{ -0.657551 -0.272323 0.702472 0  }
{ -0.1861 0.962206 0.198813 0  }
{ -0.730064 -2.67066e-17 -0.683379 0  }
{ -0.746764 2.37716 0.95453 1  }

フレーム番号90 : 
{ -0.662621 -0.244595 0.707889 0  }
{ -0.167151 0.969625 0.17857 0  }
{ -0.730064 2.7034e-17 -0.683379 0  }
{ -0.746764 2.37716 0.95453 1  }

フレーム番号91 : 
{ -0.667146 -0.216665 0.712722 0  }
{ -0.148065 0.976246 0.15818 0  }
{ -0.730064 -1.35481e-17 -0.683379 0  }
{ -0.746764 2.37716 0.95453 1  }

フレーム番号92 : 
{ -0.67112 -0.188557 0.716968 0  }
{ -0.128856 0.982062 0.137659 0  }
{ -0.730064 1.36289e-17 -0.683379 0  }
{ -0.746764 2.37716 0.95453 1  }

フレーム番号93 : 
{ -0.674542 -0.160294 0.720624 0  }
{ -0.109541 0.987069 0.117025 0  }
{ -0.730064 0 -0.683379 0  }
{ -0.746764 2.37716 0.95453 1  }

フレーム番号94 : 
{ -0.677408 -0.131899 0.723686 0  }
{ -0.0901367 0.991263 0.0962944 0  }
{ -0.730064 -7.32184e-18 -0.683379 0  }
{ -0.746764 2.37716 0.95453 1  }

フレーム番号95 : 
{ -0.679716 -0.103394 0.726151 0  }
{ -0.0706576 0.99464 0.0754846 0  }
{ -0.730064 0 -0.683379 0  }
{ -0.746764 2.37716 0.95453 1  }

フレーム番号96 : 
{ -0.681464 -0.0748052 0.728019 0  }
{ -0.0511203 0.997198 0.0546126 0  }
{ -0.730064 0 -0.683379 0  }
{ -0.746764 2.37716 0.95453 1  }

フレーム番号97 : 
{ -0.68265 -0.0461543 0.729286 0  }
{ -0.0315408 0.998934 0.0336956 0  }
{ -0.730064 -3.46575e-18 -0.683379 0  }
{ -0.746764 2.37716 0.95453 1  }

フレーム番号98 : 
{ -0.683274 -0.0174653 0.729953 0  }
{ -0.0119354 0.999847 0.0127508 0  }
{ -0.730064 -9.69519e-19 -0.683379 0  }
{ -0.746764 2.37716 0.95453 1  }

フレーム番号99 : 
{ -0.683336 0.011238 0.730018 0  }
{ 0.00767983 0.999937 -0.00820448 0  }
{ -0.730064 -8.67307e-19 -0.683379 0  }
{ -0.746764 2.37716 0.95453 1  }

フレーム番号100 : 
{ -0.682834 0.0399321 0.729482 0  }
{ 0.0272887 0.999202 -0.029153 0  }
{ -0.730064 2.21668e-18 -0.683379 0  }
{ -0.746764 2.37716 0.95453 1  }

フレーム番号101 : 
{ -0.682887 0.0379365 0.729539 0  }
{ 0.025925 0.99928 -0.0276961 0  }
{ -0.730064 0 -0.683379 0  }
{ -0.746764 2.37716 0.95453 1  }

フレーム番号102 : 
{ -0.682937 0.0359407 0.729592 0  }
{ 0.0245611 0.999354 -0.026239 0  }
{ -0.730064 -1.4721e-18 -0.683379 0  }
{ -0.746764 2.37716 0.95453 1  }

フレーム番号103 : 
{ -0.682985 0.0339448 0.729643 0  }
{ 0.0231971 0.999424 -0.0247819 0  }
{ -0.730064 1.88431e-18 -0.683379 0  }
{ -0.746764 2.37716 0.95453 1  }

フレーム番号104 : 
{ -0.68303 0.0319487 0.729691 0  }
{ 0.0218331 0.999489 -0.0233246 0  }
{ -0.730064 -1.77351e-18 -0.683379 0  }
{ -0.746764 2.37716 0.95453 1  }

フレーム番号105 : 
{ -0.683072 0.0299526 0.729737 0  }
{ 0.0204689 0.999551 -0.0218673 0  }
{ -0.730064 3.3254e-18 -0.683379 0  }
{ -0.746764 2.37716 0.95453 1  }

フレーム番号106 : 
{ -0.683112 0.0279563 0.729779 0  }
{ 0.0191047 0.999609 -0.0204099 0  }
{ -0.730064 1.55188e-18 -0.683379 0  }
{ -0.746764 2.37716 0.95453 1  }

フレーム番号107 : 
{ -0.683148 0.0259598 0.729818 0  }
{ 0.0177404 0.999663 -0.0189524 0  }
{ -0.730064 1.73414e-18 -0.683379 0  }
{ -0.746764 2.37716 0.95453 1  }

フレーム番号108 : 
{ -0.683182 0.0239633 0.729854 0  }
{ 0.016376 0.999713 -0.0174948 0  }
{ -0.730064 3.06446e-18 -0.683379 0  }
{ -0.746764 2.37716 0.95453 1  }

フレーム番号109 : 
{ -0.683214 0.0219667 0.729888 0  }
{ 0.0150116 0.999759 -0.0160371 0  }
{ -0.730064 0 -0.683379 0  }
{ -0.746764 2.37716 0.95453 1  }

フレーム番号110 : 
{ -0.683242 0.01997 0.729918 0  }
{ 0.0136471 0.999801 -0.0145794 0  }
{ -0.730064 1.73438e-18 -0.683379 0  }
{ -0.746764 2.37716 0.95453 1  }

フレーム番号111 : 
{ -0.683268 0.0179733 0.729946 0  }
{ 0.0122825 0.999838 -0.0131216 0  }
{ -0.730064 -7.36727e-19 -0.683379 0  }
{ -0.746764 2.37716 0.95453 1  }

フレーム番号112 : 
{ -0.683291 0.0159764 0.729971 0  }
{ 0.0109179 0.999872 -0.0116638 0  }
{ -0.730064 0 -0.683379 0  }
{ -0.746764 2.37716 0.95453 1  }

フレーム番号113 : 
{ -0.683312 0.0139795 0.729993 0  }
{ 0.00955329 0.999902 -0.0102059 0  }
{ -0.730064 0 -0.683379 0  }
{ -0.746764 2.37716 0.95453 1  }

フレーム番号114 : 
{ -0.68333 0.0119825 0.730012 0  }
{ 0.0081886 0.999928 -0.00874801 0  }
{ -0.730064 1.53246e-18 -0.683379 0  }
{ -0.746764 2.37716 0.95453 1  }

フレーム番号115 : 
{ -0.683345 0.00998551 0.730028 0  }
{ 0.00682389 0.99995 -0.00729006 0  }
{ -0.730064 0 -0.683379 0  }
{ -0.746764 2.37716 0.95453 1  }

フレーム番号116 : 
{ -0.683357 0.00798846 0.730041 0  }
{ 0.00545914 0.999968 -0.00583209 0  }
{ -0.730064 -4.43448e-19 -0.683379 0  }
{ -0.746764 2.37716 0.95453 1  }

フレーム番号117 : 
{ -0.683366 0.00599137 0.730051 0  }
{ 0.00409438 0.999982 -0.00437408 0  }
{ -0.730064 1.01085e-19 -0.683379 0  }
{ -0.746764 2.37716 0.95453 1  }

フレーム番号118 : 
{ -0.683373 0.00399426 0.730058 0  }
{ 0.00272959 0.999992 -0.00291607 0  }
{ -0.730064 -6.55403e-19 -0.683379 0  }
{ -0.746764 2.37716 0.95453 1  }

フレーム番号119 : 
{ -0.683377 0.00199713 0.730063 0  }
{ 0.0013648 0.999998 -0.00145804 0  }
{ -0.730064 0 -0.683379 0  }
{ -0.746764 2.37716 0.95453 1  }

フレーム番号120 : 
{ -0.683379 0 0.730064 0  }
{ 0 1 0 0  }
{ -0.730064 0 -0.683379 0  }
{ -0.746764 2.37716 0.95453 1  }

