
[MeshData]

ボーン番号 : 5

ボーン名 : {  }

オフセット行列 : 
{ 1 0 0 0  }
{ -0 1 0 0  }
{ 0 -0 1 0  }
{ -3.69779e-32 0.287288 -0.746374 1  }

アニメーション行列 : 
フレーム番号0 : 
{ 0.825204 0.564835 0 0  }
{ -0.564835 0.825204 0 0  }
{ 0 0 1 0  }
{ 0.491532 0.4394 -0.746374 1  }

フレーム番号1 : 
{ 0.832826 0.553536 0 0  }
{ -0.553536 0.832826 0 0  }
{ 0 0 1 0  }
{ 0.481698 0.432767 -0.746374 1  }

フレーム番号2 : 
{ 0.853439 0.521193 0 0  }
{ -0.521193 0.853439 0 0  }
{ 0 0 1 0  }
{ 0.453553 0.414829 -0.746374 1  }

フレーム番号3 : 
{ 0.882816 0.469719 0 0  }
{ -0.469719 0.882816 0 0  }
{ 0 0 1 0  }
{ 0.408759 0.389264 -0.746374 1  }

フレーム番号4 : 
{ 0.91609 0.400973 0 0  }
{ -0.400973 0.91609 0 0  }
{ 0 0 1 0  }
{ 0.348935 0.360309 -0.746374 1  }

フレーム番号5 : 
{ 0.948328 0.317291 0 0  }
{ -0.317291 0.948328 0 0  }
{ 0 0 1 0  }
{ 0.276114 0.332254 -0.746374 1  }

フレーム番号6 : 
{ 0.975093 0.221796 0 0  }
{ -0.221796 0.975093 0 0  }
{ 0 0 1 0  }
{ 0.193011 0.308963 -0.746374 1  }

フレーム番号7 : 
{ 0.992959 0.118455 0 0  }
{ -0.118455 0.992959 0 0  }
{ 0 0 1 0  }
{ 0.103082 0.293415 -0.746374 1  }

フレーム番号8 : 
{ 0.999929 0.0119093 0 0  }
{ -0.0119093 0.999929 0 0  }
{ 0 0 1 0  }
{ 0.0103637 0.28735 -0.746374 1  }

フレーム番号9 : 
{ 0.995677 -0.0928784 0 0  }
{ 0.0928784 0.995677 0 0  }
{ 0 0 1 0  }
{ -0.0808247 0.29105 -0.746374 1  }

フレーム番号10 : 
{ 0.981581 -0.191047 0 0  }
{ 0.191047 0.981581 0 0  }
{ 0 0 1 0  }
{ -0.166253 0.303317 -0.746374 1  }

フレーム番号11 : 
{ 0.960519 -0.278215 0 0  }
{ 0.278215 0.960519 0 0  }
{ 0 0 1 0  }
{ -0.242109 0.321646 -0.746374 1  }

フレーム番号12 : 
{ 0.936484 -0.35071 0 0  }
{ 0.35071 0.936484 0 0  }
{ 0 0 1 0  }
{ -0.305195 0.342561 -0.746374 1  }

フレーム番号13 : 
{ 0.914063 -0.405573 0 0  }
{ 0.405573 0.914063 0 0  }
{ 0 0 1 0  }
{ -0.352938 0.362073 -0.746374 1  }

フレーム番号14 : 
{ 0.897839 -0.440325 0 0  }
{ 0.440325 0.897839 0 0  }
{ 0 0 1 0  }
{ -0.38318 0.376191 -0.746374 1  }

フレーム番号15 : 
{ 0.891754 -0.452521 0 0  }
{ 0.452521 0.891754 0 0  }
{ 0 0 1 0  }
{ -0.393793 0.381487 -0.746374 1  }

フレーム番号16 : 
{ 0.897839 -0.440325 0 0  }
{ 0.440325 0.897839 0 0  }
{ 0 0 1 0  }
{ -0.38318 0.376191 -0.746374 1  }

フレーム番号17 : 
{ 0.914063 -0.405572 0 0  }
{ 0.405572 0.914063 0 0  }
{ 0 0 1 0  }
{ -0.352938 0.362073 -0.746374 1  }

フレーム番号18 : 
{ 0.936484 -0.35071 0 0  }
{ 0.35071 0.936484 0 0  }
{ 0 0 1 0  }
{ -0.305195 0.342561 -0.746374 1  }

フレーム番号19 : 
{ 0.960519 -0.278215 0 0  }
{ 0.278215 0.960519 0 0  }
{ 0 0 1 0  }
{ -0.242108 0.321646 -0.746374 1  }

フレーム番号20 : 
{ 0.981581 -0.191046 0 0  }
{ 0.191046 0.981581 0 0  }
{ 0 0 1 0  }
{ -0.166253 0.303317 -0.746374 1  }

フレーム番号21 : 
{ 0.995678 -0.0928776 0 0  }
{ 0.0928776 0.995678 0 0  }
{ 0 0 1 0  }
{ -0.080824 0.29105 -0.746374 1  }

フレーム番号22 : 
{ 0.999929 0.0119104 0 0  }
{ -0.0119104 0.999929 0 0  }
{ 0 0 1 0  }
{ 0.0103647 0.28735 -0.746374 1  }

フレーム番号23 : 
{ 0.992959 0.118456 0 0  }
{ -0.118456 0.992959 0 0  }
{ 0 0 1 0  }
{ 0.103083 0.293415 -0.746374 1  }

フレーム番号24 : 
{ 0.975093 0.221797 0 0  }
{ -0.221797 0.975093 0 0  }
{ 0 0 1 0  }
{ 0.193012 0.308963 -0.746374 1  }

フレーム番号25 : 
{ 0.948328 0.317293 0 0  }
{ -0.317293 0.948328 0 0  }
{ 0 0 1 0  }
{ 0.276115 0.332255 -0.746374 1  }

フレーム番号26 : 
{ 0.916089 0.400975 0 0  }
{ -0.400975 0.916089 0 0  }
{ 0 0 1 0  }
{ 0.348937 0.360309 -0.746374 1  }

フレーム番号27 : 
{ 0.882815 0.469721 0 0  }
{ -0.469721 0.882815 0 0  }
{ 0 0 1 0  }
{ 0.408761 0.389265 -0.746374 1  }

フレーム番号28 : 
{ 0.853438 0.521195 0 0  }
{ -0.521195 0.853438 0 0  }
{ 0 0 1 0  }
{ 0.453555 0.41483 -0.746374 1  }

フレーム番号29 : 
{ 0.832824 0.553537 0 0  }
{ -0.553537 0.832824 0 0  }
{ 0 0 1 0  }
{ 0.4817 0.432768 -0.746374 1  }

フレーム番号30 : 
{ 0.825202 0.564837 0 0  }
{ -0.564837 0.825202 0 0  }
{ 0 0 1 0  }
{ 0.491533 0.439401 -0.746374 1  }

