
[MeshData]

ボーン番号 : 7

ボーン名 : {  }

オフセット行列 : 
{ 1 0 0 0  }
{ -0 1 0 0  }
{ 0 -0 1 0  }
{ -1.8993e-17 1.85389 1.12012 1  }

アニメーション行列 : 
フレーム番号0 : 
{ 0.774221 0 -0.632915 0  }
{ 0 1 0 0  }
{ 0.632915 0 0.774221 0  }
{ -1.8993e-17 1.85389 1.12012 1  }

フレーム番号1 : 
{ 0.785078 0 -0.619397 0  }
{ 0 1 0 0  }
{ 0.619397 0 0.785078 0  }
{ -1.8993e-17 1.85389 1.12012 1  }

フレーム番号2 : 
{ 0.814352 0 -0.580372 0  }
{ 0 1 0 0  }
{ 0.580372 0 0.814352 0  }
{ -1.8993e-17 1.85389 1.12012 1  }

フレーム番号3 : 
{ 0.855757 0 -0.517377 0  }
{ 0 1 0 0  }
{ 0.517377 0 0.855757 0  }
{ -1.8993e-17 1.85389 1.12012 1  }

フレーム番号4 : 
{ 0.901918 0 -0.431908 0  }
{ 0 1 0 0  }
{ 0.431908 0 0.901918 0  }
{ -1.8993e-17 1.85389 1.12012 1  }

フレーム番号5 : 
{ 0.94523 0 -0.326404 0  }
{ 0 1 0 0  }
{ 0.326404 0 0.94523 0  }
{ -1.8993e-17 1.85389 1.12012 1  }

フレーム番号6 : 
{ 0.978798 0 -0.204829 0  }
{ 0 1 0 0  }
{ 0.204829 0 0.978798 0  }
{ -1.8993e-17 1.85389 1.12012 1  }

フレーム番号7 : 
{ 0.99735 0 -0.0727592 0  }
{ 0 1 0 0  }
{ 0.0727592 0 0.99735 0  }
{ -1.8993e-17 1.85389 1.12012 1  }

フレーム番号8 : 
{ 0.998012 0 0.0630194 0  }
{ 0 1 0 0  }
{ -0.0630194 0 0.998012 0  }
{ -1.8993e-17 1.85389 1.12012 1  }

フレーム番号9 : 
{ 0.980751 0 0.195264 0  }
{ 0 1 0 0  }
{ -0.195264 0 0.980751 0  }
{ -1.8993e-17 1.85389 1.12012 1  }

フレーム番号10 : 
{ 0.948372 0 0.317161 0  }
{ 0 1 0 0  }
{ -0.317161 0 0.948372 0  }
{ -1.8993e-17 1.85389 1.12012 1  }

フレーム番号11 : 
{ 0.906091 0 0.423083 0  }
{ 0 1 0 0  }
{ -0.423083 0 0.906091 0  }
{ -1.8993e-17 1.85389 1.12012 1  }

フレーム番号12 : 
{ 0.860767 0 0.508999 0  }
{ 0 1 0 0  }
{ -0.508999 0 0.860767 0  }
{ -1.8993e-17 1.85389 1.12012 1  }

フレーム番号13 : 
{ 0.819978 0 0.572394 0  }
{ 0 1 0 0  }
{ -0.572394 0 0.819978 0  }
{ -1.8993e-17 1.85389 1.12012 1  }

フレーム番号14 : 
{ 0.791087 0 0.611704 0  }
{ 0 1 0 0  }
{ -0.611704 0 0.791087 0  }
{ -1.8993e-17 1.85389 1.12012 1  }

フレーム番号15 : 
{ 0.780363 0 0.625327 0  }
{ 0 1 0 0  }
{ -0.625327 0 0.780363 0  }
{ -1.8993e-17 1.85389 1.12012 1  }

フレーム番号16 : 
{ 0.791087 0 0.611704 0  }
{ 0 1 0 0  }
{ -0.611704 0 0.791087 0  }
{ -1.8993e-17 1.85389 1.12012 1  }

フレーム番号17 : 
{ 0.819979 0 0.572394 0  }
{ 0 1 0 0  }
{ -0.572394 0 0.819979 0  }
{ -1.8993e-17 1.85389 1.12012 1  }

フレーム番号18 : 
{ 0.860768 0 0.508998 0  }
{ 0 1 0 0  }
{ -0.508998 0 0.860768 0  }
{ -1.8993e-17 1.85389 1.12012 1  }

フレーム番号19 : 
{ 0.906092 0 0.423082 0  }
{ 0 1 0 0  }
{ -0.423082 0 0.906092 0  }
{ -1.8993e-17 1.85389 1.12012 1  }

フレーム番号20 : 
{ 0.948372 0 0.317159 0  }
{ 0 1 0 0  }
{ -0.317159 0 0.948372 0  }
{ -1.8993e-17 1.85389 1.12012 1  }

フレーム番号21 : 
{ 0.980751 0 0.195261 0  }
{ 0 1 0 0  }
{ -0.195261 0 0.980751 0  }
{ -1.8993e-17 1.85389 1.12012 1  }

フレーム番号22 : 
{ 0.998013 0 0.0630159 0  }
{ 0 1 0 0  }
{ -0.0630159 0 0.998013 0  }
{ -1.8993e-17 1.85389 1.12012 1  }

フレーム番号23 : 
{ 0.997349 0 -0.0727635 0  }
{ 0 1 0 0  }
{ 0.0727635 0 0.997349 0  }
{ -1.8993e-17 1.85389 1.12012 1  }

フレーム番号24 : 
{ 0.978797 0 -0.204834 0  }
{ 0 1 0 0  }
{ 0.204834 0 0.978797 0  }
{ -1.8993e-17 1.85389 1.12012 1  }

フレーム番号25 : 
{ 0.945229 0 -0.326409 0  }
{ 0 1 0 0  }
{ 0.326409 0 0.945229 0  }
{ -1.8993e-17 1.85389 1.12012 1  }

フレーム番号26 : 
{ 0.901915 0 -0.431914 0  }
{ 0 1 0 0  }
{ 0.431914 0 0.901915 0  }
{ -1.8993e-17 1.85389 1.12012 1  }

フレーム番号27 : 
{ 0.855754 0 -0.517383 0  }
{ 0 1 0 0  }
{ 0.517383 0 0.855754 0  }
{ -1.8993e-17 1.85389 1.12012 1  }

フレーム番号28 : 
{ 0.814347 0 -0.580378 0  }
{ 0 1 0 0  }
{ 0.580378 0 0.814347 0  }
{ -1.8993e-17 1.85389 1.12012 1  }

フレーム番号29 : 
{ 0.785073 0 -0.619403 0  }
{ 0 1 0 0  }
{ 0.619403 0 0.785073 0  }
{ -1.8993e-17 1.85389 1.12012 1  }

フレーム番号30 : 
{ 0.774216 0 -0.632922 0  }
{ 0 1 0 0  }
{ 0.632922 0 0.774216 0  }
{ -1.8993e-17 1.85389 1.12012 1  }

