
[MeshData]

ボーン番号 : 20

ボーン名 : {  }

オフセット行列 : 
{ -0.703146 8.61105e-17 0.711046 0  }
{ 2.09543e-16 1 8.61105e-17 0  }
{ -0.711046 2.09543e-16 -0.703146 0  }
{ -1.44544 2.61149 1.63918 1  }

アニメーション行列 : 
フレーム番号0 : 
{ -0.703146 6.55165e-16 0.711046 0  }
{ 5.50031e-16 1 -3.7749e-16 0  }
{ -0.711046 1.25667e-16 -0.703146 0  }
{ -1.44544 2.61149 1.63918 1  }

フレーム番号1 : 
{ -0.703146 6.55165e-16 0.711046 0  }
{ 5.50031e-16 1 -3.7749e-16 0  }
{ -0.711046 1.25667e-16 -0.703146 0  }
{ -1.44544 2.61149 1.63918 1  }

フレーム番号2 : 
{ -0.703146 6.55165e-16 0.711046 0  }
{ 5.50031e-16 1 -3.7749e-16 0  }
{ -0.711046 1.25667e-16 -0.703146 0  }
{ -1.44544 2.61149 1.63918 1  }

フレーム番号3 : 
{ -0.703146 6.55165e-16 0.711046 0  }
{ 5.50031e-16 1 -3.7749e-16 0  }
{ -0.711046 1.25667e-16 -0.703146 0  }
{ -1.44544 2.61149 1.63918 1  }

フレーム番号4 : 
{ -0.703146 6.55165e-16 0.711046 0  }
{ 5.50031e-16 1 -3.7749e-16 0  }
{ -0.711046 1.25667e-16 -0.703146 0  }
{ -1.44544 2.61149 1.63918 1  }

フレーム番号5 : 
{ -0.703146 6.55165e-16 0.711046 0  }
{ 5.50031e-16 1 -3.7749e-16 0  }
{ -0.711046 1.25667e-16 -0.703146 0  }
{ -1.44544 2.61149 1.63918 1  }

フレーム番号6 : 
{ -0.703146 6.55165e-16 0.711046 0  }
{ 5.50031e-16 1 -3.7749e-16 0  }
{ -0.711046 1.25667e-16 -0.703146 0  }
{ -1.44544 2.61149 1.63918 1  }

フレーム番号7 : 
{ -0.703146 6.55165e-16 0.711046 0  }
{ 5.50031e-16 1 -3.7749e-16 0  }
{ -0.711046 1.25667e-16 -0.703146 0  }
{ -1.44544 2.61149 1.63918 1  }

フレーム番号8 : 
{ -0.703146 6.55165e-16 0.711046 0  }
{ 5.50031e-16 1 -3.7749e-16 0  }
{ -0.711046 1.25667e-16 -0.703146 0  }
{ -1.44544 2.61149 1.63918 1  }

フレーム番号9 : 
{ -0.703146 6.55165e-16 0.711046 0  }
{ 5.50031e-16 1 -3.7749e-16 0  }
{ -0.711046 1.25667e-16 -0.703146 0  }
{ -1.44544 2.61149 1.63918 1  }

フレーム番号10 : 
{ -0.703146 6.55165e-16 0.711046 0  }
{ 5.50031e-16 1 -3.7749e-16 0  }
{ -0.711046 1.25667e-16 -0.703146 0  }
{ -1.44544 2.61149 1.63918 1  }

フレーム番号11 : 
{ -0.703146 6.55165e-16 0.711046 0  }
{ 5.50031e-16 1 -3.7749e-16 0  }
{ -0.711046 1.25667e-16 -0.703146 0  }
{ -1.44544 2.61149 1.63918 1  }

フレーム番号12 : 
{ -0.703146 6.55165e-16 0.711046 0  }
{ 5.50031e-16 1 -3.7749e-16 0  }
{ -0.711046 1.25667e-16 -0.703146 0  }
{ -1.44544 2.61149 1.63918 1  }

フレーム番号13 : 
{ -0.703146 6.55165e-16 0.711046 0  }
{ 5.50031e-16 1 -3.7749e-16 0  }
{ -0.711046 1.25667e-16 -0.703146 0  }
{ -1.44544 2.61149 1.63918 1  }

フレーム番号14 : 
{ -0.703146 6.55165e-16 0.711046 0  }
{ 5.50031e-16 1 -3.7749e-16 0  }
{ -0.711046 1.25667e-16 -0.703146 0  }
{ -1.44544 2.61149 1.63918 1  }

フレーム番号15 : 
{ -0.703146 6.55165e-16 0.711046 0  }
{ 5.50031e-16 1 -3.7749e-16 0  }
{ -0.711046 1.25667e-16 -0.703146 0  }
{ -1.44544 2.61149 1.63918 1  }

フレーム番号16 : 
{ -0.703146 6.55165e-16 0.711046 0  }
{ 5.50031e-16 1 -3.7749e-16 0  }
{ -0.711046 1.25667e-16 -0.703146 0  }
{ -1.44544 2.61149 1.63918 1  }

フレーム番号17 : 
{ -0.703146 6.55165e-16 0.711046 0  }
{ 5.50031e-16 1 -3.7749e-16 0  }
{ -0.711046 1.25667e-16 -0.703146 0  }
{ -1.44544 2.61149 1.63918 1  }

フレーム番号18 : 
{ -0.703146 6.55165e-16 0.711046 0  }
{ 5.50031e-16 1 -3.7749e-16 0  }
{ -0.711046 1.25667e-16 -0.703146 0  }
{ -1.44544 2.61149 1.63918 1  }

フレーム番号19 : 
{ -0.703146 6.55165e-16 0.711046 0  }
{ 5.50031e-16 1 -3.7749e-16 0  }
{ -0.711046 1.25667e-16 -0.703146 0  }
{ -1.44544 2.61149 1.63918 1  }

フレーム番号20 : 
{ -0.703146 6.55165e-16 0.711046 0  }
{ 5.50031e-16 1 -3.7749e-16 0  }
{ -0.711046 1.25667e-16 -0.703146 0  }
{ -1.44544 2.61149 1.63918 1  }

フレーム番号21 : 
{ -0.703146 6.55165e-16 0.711046 0  }
{ 5.50031e-16 1 -3.7749e-16 0  }
{ -0.711046 1.25667e-16 -0.703146 0  }
{ -1.44544 2.61149 1.63918 1  }

フレーム番号22 : 
{ -0.703146 6.55165e-16 0.711046 0  }
{ 5.50031e-16 1 -3.7749e-16 0  }
{ -0.711046 1.25667e-16 -0.703146 0  }
{ -1.44544 2.61149 1.63918 1  }

フレーム番号23 : 
{ -0.703146 6.55165e-16 0.711046 0  }
{ 5.50031e-16 1 -3.7749e-16 0  }
{ -0.711046 1.25667e-16 -0.703146 0  }
{ -1.44544 2.61149 1.63918 1  }

フレーム番号24 : 
{ -0.703146 6.55165e-16 0.711046 0  }
{ 5.50031e-16 1 -3.7749e-16 0  }
{ -0.711046 1.25667e-16 -0.703146 0  }
{ -1.44544 2.61149 1.63918 1  }

フレーム番号25 : 
{ -0.703146 6.55165e-16 0.711046 0  }
{ 5.50031e-16 1 -3.7749e-16 0  }
{ -0.711046 1.25667e-16 -0.703146 0  }
{ -1.44544 2.61149 1.63918 1  }

フレーム番号26 : 
{ -0.703146 6.55165e-16 0.711046 0  }
{ 5.50031e-16 1 -3.7749e-16 0  }
{ -0.711046 1.25667e-16 -0.703146 0  }
{ -1.44544 2.61149 1.63918 1  }

フレーム番号27 : 
{ -0.703146 6.55165e-16 0.711046 0  }
{ 5.50031e-16 1 -3.7749e-16 0  }
{ -0.711046 1.25667e-16 -0.703146 0  }
{ -1.44544 2.61149 1.63918 1  }

フレーム番号28 : 
{ -0.703146 6.55165e-16 0.711046 0  }
{ 5.50031e-16 1 -3.7749e-16 0  }
{ -0.711046 1.25667e-16 -0.703146 0  }
{ -1.44544 2.61149 1.63918 1  }

フレーム番号29 : 
{ -0.703146 6.55165e-16 0.711046 0  }
{ 5.50031e-16 1 -3.7749e-16 0  }
{ -0.711046 1.25667e-16 -0.703146 0  }
{ -1.44544 2.61149 1.63918 1  }

フレーム番号30 : 
{ -0.703146 6.55165e-16 0.711046 0  }
{ 5.50031e-16 1 -3.7749e-16 0  }
{ -0.711046 1.25667e-16 -0.703146 0  }
{ -1.44544 2.61149 1.63918 1  }

