
[MeshData]

ボーン番号 : 13

ボーン名 : {  }

オフセット行列 : 
{ -0.763886 9.3549e-17 0.645352 0  }
{ 4.34319e-17 1 -9.3549e-17 0  }
{ -0.645352 -4.34319e-17 -0.763886 0  }
{ -0.943206 2.50077 1.13505 1  }

アニメーション行列 : 
フレーム番号0 : 
{ -0.763886 9.95191e-33 0.645352 0  }
{ -4.93038e-32 1 -2.46519e-32 0  }
{ -0.645352 2.46519e-32 -0.763886 0  }
{ -0.943206 2.48119 1.13505 1  }

フレーム番号1 : 
{ -0.763886 9.95191e-33 0.645352 0  }
{ -4.93038e-32 1 -2.46519e-32 0  }
{ -0.645352 2.46519e-32 -0.763886 0  }
{ -0.943206 2.48119 1.13505 1  }

フレーム番号2 : 
{ -0.763886 9.95191e-33 0.645352 0  }
{ -4.93038e-32 1 -2.46519e-32 0  }
{ -0.645352 2.46519e-32 -0.763886 0  }
{ -0.943206 2.48119 1.13505 1  }

フレーム番号3 : 
{ -0.763886 9.95191e-33 0.645352 0  }
{ -4.93038e-32 1 -2.46519e-32 0  }
{ -0.645352 2.46519e-32 -0.763886 0  }
{ -0.943206 2.48119 1.13505 1  }

フレーム番号4 : 
{ -0.763886 9.95191e-33 0.645352 0  }
{ -4.93038e-32 1 -2.46519e-32 0  }
{ -0.645352 2.46519e-32 -0.763886 0  }
{ -0.943206 2.48119 1.13505 1  }

フレーム番号5 : 
{ -0.763886 9.95191e-33 0.645352 0  }
{ -4.93038e-32 1 -2.46519e-32 0  }
{ -0.645352 2.46519e-32 -0.763886 0  }
{ -0.943206 2.48119 1.13505 1  }

フレーム番号6 : 
{ -0.763886 9.95191e-33 0.645352 0  }
{ -4.93038e-32 1 -2.46519e-32 0  }
{ -0.645352 2.46519e-32 -0.763886 0  }
{ -0.943206 2.48119 1.13505 1  }

フレーム番号7 : 
{ -0.763886 9.95191e-33 0.645352 0  }
{ -4.93038e-32 1 -2.46519e-32 0  }
{ -0.645352 2.46519e-32 -0.763886 0  }
{ -0.943206 2.48119 1.13505 1  }

フレーム番号8 : 
{ -0.763886 9.95191e-33 0.645352 0  }
{ -4.93038e-32 1 -2.46519e-32 0  }
{ -0.645352 2.46519e-32 -0.763886 0  }
{ -0.943206 2.48119 1.13505 1  }

フレーム番号9 : 
{ -0.763886 9.95191e-33 0.645352 0  }
{ -4.93038e-32 1 -2.46519e-32 0  }
{ -0.645352 2.46519e-32 -0.763886 0  }
{ -0.943206 2.48119 1.13505 1  }

フレーム番号10 : 
{ -0.763886 9.95191e-33 0.645352 0  }
{ -4.93038e-32 1 -2.46519e-32 0  }
{ -0.645352 2.46519e-32 -0.763886 0  }
{ -0.943206 2.48119 1.13505 1  }

フレーム番号11 : 
{ -0.763886 9.95191e-33 0.645352 0  }
{ -4.93038e-32 1 -2.46519e-32 0  }
{ -0.645352 2.46519e-32 -0.763886 0  }
{ -0.943206 2.48119 1.13505 1  }

フレーム番号12 : 
{ -0.763886 9.95191e-33 0.645352 0  }
{ -4.93038e-32 1 -2.46519e-32 0  }
{ -0.645352 2.46519e-32 -0.763886 0  }
{ -0.943206 2.48119 1.13505 1  }

フレーム番号13 : 
{ -0.763886 9.95191e-33 0.645352 0  }
{ -4.93038e-32 1 -2.46519e-32 0  }
{ -0.645352 2.46519e-32 -0.763886 0  }
{ -0.943206 2.48119 1.13505 1  }

フレーム番号14 : 
{ -0.763886 9.95191e-33 0.645352 0  }
{ -4.93038e-32 1 -2.46519e-32 0  }
{ -0.645352 2.46519e-32 -0.763886 0  }
{ -0.943206 2.48119 1.13505 1  }

フレーム番号15 : 
{ -0.763886 9.95191e-33 0.645352 0  }
{ -4.93038e-32 1 -2.46519e-32 0  }
{ -0.645352 2.46519e-32 -0.763886 0  }
{ -0.943206 2.48119 1.13505 1  }

フレーム番号16 : 
{ -0.763886 9.95191e-33 0.645352 0  }
{ -4.93038e-32 1 -2.46519e-32 0  }
{ -0.645352 2.46519e-32 -0.763886 0  }
{ -0.943206 2.48119 1.13505 1  }

フレーム番号17 : 
{ -0.763886 9.95191e-33 0.645352 0  }
{ -4.93038e-32 1 -2.46519e-32 0  }
{ -0.645352 2.46519e-32 -0.763886 0  }
{ -0.943206 2.48119 1.13505 1  }

フレーム番号18 : 
{ -0.763886 9.95191e-33 0.645352 0  }
{ -4.93038e-32 1 -2.46519e-32 0  }
{ -0.645352 2.46519e-32 -0.763886 0  }
{ -0.943206 2.48119 1.13505 1  }

フレーム番号19 : 
{ -0.763886 9.95191e-33 0.645352 0  }
{ -4.93038e-32 1 -2.46519e-32 0  }
{ -0.645352 2.46519e-32 -0.763886 0  }
{ -0.943206 2.48119 1.13505 1  }

フレーム番号20 : 
{ -0.763886 9.95191e-33 0.645352 0  }
{ -4.93038e-32 1 -2.46519e-32 0  }
{ -0.645352 2.46519e-32 -0.763886 0  }
{ -0.943206 2.48119 1.13505 1  }

フレーム番号21 : 
{ -0.763886 9.95191e-33 0.645352 0  }
{ -4.93038e-32 1 -2.46519e-32 0  }
{ -0.645352 2.46519e-32 -0.763886 0  }
{ -0.943206 2.48119 1.13505 1  }

フレーム番号22 : 
{ -0.763886 9.95191e-33 0.645352 0  }
{ -4.93038e-32 1 -2.46519e-32 0  }
{ -0.645352 2.46519e-32 -0.763886 0  }
{ -0.943206 2.48119 1.13505 1  }

フレーム番号23 : 
{ -0.763886 9.95191e-33 0.645352 0  }
{ -4.93038e-32 1 -2.46519e-32 0  }
{ -0.645352 2.46519e-32 -0.763886 0  }
{ -0.943206 2.48119 1.13505 1  }

フレーム番号24 : 
{ -0.763886 9.95191e-33 0.645352 0  }
{ -4.93038e-32 1 -2.46519e-32 0  }
{ -0.645352 2.46519e-32 -0.763886 0  }
{ -0.943206 2.48119 1.13505 1  }

フレーム番号25 : 
{ -0.763886 9.95191e-33 0.645352 0  }
{ -4.93038e-32 1 -2.46519e-32 0  }
{ -0.645352 2.46519e-32 -0.763886 0  }
{ -0.943206 2.48119 1.13505 1  }

フレーム番号26 : 
{ -0.763886 9.95191e-33 0.645352 0  }
{ -4.93038e-32 1 -2.46519e-32 0  }
{ -0.645352 2.46519e-32 -0.763886 0  }
{ -0.943206 2.48119 1.13505 1  }

フレーム番号27 : 
{ -0.763886 9.95191e-33 0.645352 0  }
{ -4.93038e-32 1 -2.46519e-32 0  }
{ -0.645352 2.46519e-32 -0.763886 0  }
{ -0.943206 2.48119 1.13505 1  }

フレーム番号28 : 
{ -0.763886 9.95191e-33 0.645352 0  }
{ -4.93038e-32 1 -2.46519e-32 0  }
{ -0.645352 2.46519e-32 -0.763886 0  }
{ -0.943206 2.48119 1.13505 1  }

フレーム番号29 : 
{ -0.763886 9.95191e-33 0.645352 0  }
{ -4.93038e-32 1 -2.46519e-32 0  }
{ -0.645352 2.46519e-32 -0.763886 0  }
{ -0.943206 2.48119 1.13505 1  }

フレーム番号30 : 
{ -0.763886 9.95191e-33 0.645352 0  }
{ -4.93038e-32 1 -2.46519e-32 0  }
{ -0.645352 2.46519e-32 -0.763886 0  }
{ -0.943206 2.48119 1.13505 1  }

