
[MeshData]

ボーン番号 : 2

ボーン名 : {  }

オフセット行列 : 
{ 0.999204 -0.000827913 0.0398916 0  }
{ 0.000828573 1 -1.8041e-14 0  }
{ -0.0398916 3.30531e-05 0.999204 0  }
{ 0.0250086 1.35053 -1.88967 1  }

アニメーション行列 : 
フレーム番号0 : 
{ 0.938284 -0.000827913 -0.345866 0  }
{ 0.000765386 1 -0.00031736 0  }
{ 0.345866 3.30531e-05 0.938284 0  }
{ -0.271649 1.35053 -1.84056 1  }

フレーム番号1 : 
{ 0.9446 -0.000827913 -0.328223 0  }
{ 0.000771198 1 -0.000302962 0  }
{ 0.328223 3.30531e-05 0.9446 0  }
{ -0.258102 1.35053 -1.84552 1  }

フレーム番号2 : 
{ 0.960586 -0.000827913 -0.27798 0  }
{ 0.000786094 1 -0.000261894 0  }
{ 0.27798 3.30531e-05 0.960587 0  }
{ -0.219509 1.35053 -1.85812 1  }

フレーム番号3 : 
{ 0.980027 -0.000827913 -0.198862 0  }
{ 0.000804805 1 -0.000197034 0  }
{ 0.198862 3.30531e-05 0.980027 0  }
{ -0.158705 1.35053 -1.87354 1  }

フレーム番号4 : 
{ 0.995474 -0.000827913 -0.0950265 0  }
{ 0.000821026 1 -0.000111577 0  }
{ 0.0950265 3.30531e-05 0.995475 0  }
{ -0.0788474 1.35053 -1.88603 1  }

フレーム番号5 : 
{ 0.999603 -0.000827913 0.0281565 0  }
{ 0.000828516 1 -9.72884e-06 0  }
{ -0.0281565 3.30531e-05 0.999604 0  }
{ 0.0159712 1.35053 -1.88991 1  }

フレーム番号6 : 
{ 0.986489 -0.000827913 0.163823 0  }
{ 0.000822143 1 0.000103024 0  }
{ -0.163823 3.30531e-05 0.98649 0  }
{ 0.120499 1.35053 -1.88059 1  }

フレーム番号7 : 
{ 0.952695 -0.000827913 0.303928 0  }
{ 0.000798794 1 0.000220136 0  }
{ -0.303928 3.30531e-05 0.952695 0  }
{ 0.228563 1.35053 -1.85537 1  }

フレーム番号8 : 
{ 0.897963 -0.000827913 0.440069 0  }
{ 0.000757982 1 0.000334659 0  }
{ -0.44007 3.30531e-05 0.897964 0  }
{ 0.333695 1.35053 -1.814 1  }

フレーム番号9 : 
{ 0.825378 -0.000827913 0.56458 0  }
{ 0.000702002 1 0.000440142 0  }
{ -0.56458 3.30531e-05 0.825378 0  }
{ 0.429974 1.35053 -1.75883 1  }

フレーム番号10 : 
{ 0.740939 -0.000827913 0.671572 0  }
{ 0.000635631 1 0.000531513 0  }
{ -0.671572 3.30531e-05 0.740939 0  }
{ 0.512832 1.35053 -1.69443 1  }

フレーム番号11 : 
{ 0.652696 -0.000827913 0.75762 0  }
{ 0.000565417 1 0.00060567 0  }
{ -0.75762 3.30531e-05 0.652696 0  }
{ 0.579587 1.35053 -1.62698 1  }

フレーム番号12 : 
{ 0.569675 -0.000827913 0.82187 0  }
{ 0.000498807 1 0.000661607 0  }
{ -0.82187 3.30531e-05 0.569675 0  }
{ 0.629529 1.35053 -1.56343 1  }

フレーム番号13 : 
{ 0.500881 -0.000827913 0.865516 0  }
{ 0.000443294 1 0.000700016 0  }
{ -0.865516 3.30531e-05 0.500881 0  }
{ 0.663526 1.35053 -1.51071 1  }

フレーム番号14 : 
{ 0.454566 -0.000827913 0.890713 0  }
{ 0.000405782 1 0.000722408 0  }
{ -0.890713 3.30531e-05 0.454566 0  }
{ 0.68319 1.35053 -1.47519 1  }

フレーム番号15 : 
{ 0.437796 -0.000827913 0.899074 0  }
{ 0.000392174 1 0.000729885 0  }
{ -0.899074 3.30531e-05 0.437796 0  }
{ 0.689723 1.35053 -1.46233 1  }

フレーム番号16 : 
{ 0.454566 -0.000827913 0.890713 0  }
{ 0.000405782 1 0.000722408 0  }
{ -0.890713 3.30531e-05 0.454566 0  }
{ 0.68319 1.35053 -1.47519 1  }

フレーム番号17 : 
{ 0.500881 -0.000827913 0.865516 0  }
{ 0.000443294 1 0.000700016 0  }
{ -0.865516 3.30531e-05 0.500881 0  }
{ 0.663526 1.35053 -1.51071 1  }

フレーム番号18 : 
{ 0.569675 -0.000827913 0.821869 0  }
{ 0.000498807 1 0.000661607 0  }
{ -0.82187 3.30531e-05 0.569676 0  }
{ 0.629528 1.35053 -1.56343 1  }

フレーム番号19 : 
{ 0.652696 -0.000827913 0.757619 0  }
{ 0.000565418 1 0.000605669 0  }
{ -0.757619 3.30531e-05 0.652697 0  }
{ 0.579586 1.35053 -1.62698 1  }

フレーム番号20 : 
{ 0.74094 -0.000827913 0.671571 0  }
{ 0.000635631 1 0.000531512 0  }
{ -0.671571 3.30531e-05 0.74094 0  }
{ 0.512831 1.35053 -1.69443 1  }

フレーム番号21 : 
{ 0.825379 -0.000827913 0.564578 0  }
{ 0.000702003 1 0.000440141 0  }
{ -0.564579 3.30531e-05 0.825379 0  }
{ 0.429973 1.35053 -1.75883 1  }

フレーム番号22 : 
{ 0.897965 -0.000827913 0.440067 0  }
{ 0.000757982 1 0.000334657 0  }
{ -0.440067 3.30531e-05 0.897965 0  }
{ 0.333693 1.35053 -1.81401 1  }

フレーム番号23 : 
{ 0.952696 -0.000827913 0.303925 0  }
{ 0.000798795 1 0.000220134 0  }
{ -0.303925 3.30531e-05 0.952696 0  }
{ 0.228561 1.35053 -1.85537 1  }

フレーム番号24 : 
{ 0.98649 -0.000827913 0.163819 0  }
{ 0.000822143 1 0.000103021 0  }
{ -0.163819 3.30531e-05 0.98649 0  }
{ 0.120496 1.35053 -1.88059 1  }

フレーム番号25 : 
{ 0.999603 -0.000827913 0.028152 0  }
{ 0.000828516 1 -9.73256e-06 0  }
{ -0.028152 3.30531e-05 0.999604 0  }
{ 0.0159677 1.35053 -1.88991 1  }

フレーム番号26 : 
{ 0.995474 -0.000827913 -0.0950314 0  }
{ 0.000821025 1 -0.000111581 0  }
{ 0.0950315 3.30531e-05 0.995474 0  }
{ -0.0788512 1.35053 -1.88603 1  }

フレーム番号27 : 
{ 0.980026 -0.000827913 -0.198868 0  }
{ 0.000804804 1 -0.000197038 0  }
{ 0.198868 3.30531e-05 0.980026 0  }
{ -0.158709 1.35053 -1.87354 1  }

フレーム番号28 : 
{ 0.960585 -0.000827913 -0.277986 0  }
{ 0.000786093 1 -0.000261898 0  }
{ 0.277986 3.30531e-05 0.960585 0  }
{ -0.219514 1.35053 -1.85812 1  }

フレーム番号29 : 
{ 0.944598 -0.000827913 -0.328229 0  }
{ 0.000771196 1 -0.000302967 0  }
{ 0.328229 3.30531e-05 0.944598 0  }
{ -0.258106 1.35053 -1.84552 1  }

フレーム番号30 : 
{ 0.938282 -0.000827913 -0.345871 0  }
{ 0.000765384 1 -0.000317365 0  }
{ 0.345871 3.30531e-05 0.938282 0  }
{ -0.271654 1.35053 -1.84056 1  }

