
[MeshData]

ボーン番号 : 12

ボーン名 : {  }

オフセット行列 : 
{ -0.683379 8.36898e-17 0.730064 0  }
{ 2.11872e-16 1 8.36898e-17 0  }
{ -0.730064 2.11872e-16 -0.683379 0  }
{ -0.746764 2.37716 0.95453 1  }

アニメーション行列 : 
フレーム番号0 : 
{ -0.683379 0 0.730064 0  }
{ 0 1 0 0  }
{ -0.730064 0 -0.683379 0  }
{ -0.746764 2.37716 0.95453 1  }

フレーム番号1 : 
{ -0.683379 0 0.730064 0  }
{ 0 1 0 0  }
{ -0.730064 0 -0.683379 0  }
{ -0.746764 2.37716 0.95453 1  }

フレーム番号2 : 
{ -0.683379 0 0.730064 0  }
{ 0 1 0 0  }
{ -0.730064 0 -0.683379 0  }
{ -0.746764 2.37716 0.95453 1  }

フレーム番号3 : 
{ -0.683379 0 0.730064 0  }
{ 0 1 0 0  }
{ -0.730064 0 -0.683379 0  }
{ -0.746764 2.37716 0.95453 1  }

フレーム番号4 : 
{ -0.683379 0 0.730064 0  }
{ 0 1 0 0  }
{ -0.730064 0 -0.683379 0  }
{ -0.746764 2.37716 0.95453 1  }

フレーム番号5 : 
{ -0.683379 0 0.730064 0  }
{ 0 1 0 0  }
{ -0.730064 0 -0.683379 0  }
{ -0.746764 2.37716 0.95453 1  }

フレーム番号6 : 
{ -0.683379 0 0.730064 0  }
{ 0 1 0 0  }
{ -0.730064 0 -0.683379 0  }
{ -0.746764 2.37716 0.95453 1  }

フレーム番号7 : 
{ -0.683379 0 0.730064 0  }
{ 0 1 0 0  }
{ -0.730064 0 -0.683379 0  }
{ -0.746764 2.37716 0.95453 1  }

フレーム番号8 : 
{ -0.683379 0 0.730064 0  }
{ 0 1 0 0  }
{ -0.730064 0 -0.683379 0  }
{ -0.746764 2.37716 0.95453 1  }

フレーム番号9 : 
{ -0.683379 0 0.730064 0  }
{ 0 1 0 0  }
{ -0.730064 0 -0.683379 0  }
{ -0.746764 2.37716 0.95453 1  }

フレーム番号10 : 
{ -0.683379 0 0.730064 0  }
{ 0 1 0 0  }
{ -0.730064 0 -0.683379 0  }
{ -0.746764 2.37716 0.95453 1  }

フレーム番号11 : 
{ -0.683379 0 0.730064 0  }
{ 0 1 0 0  }
{ -0.730064 0 -0.683379 0  }
{ -0.746764 2.37716 0.95453 1  }

フレーム番号12 : 
{ -0.683379 0 0.730064 0  }
{ 0 1 0 0  }
{ -0.730064 0 -0.683379 0  }
{ -0.746764 2.37716 0.95453 1  }

フレーム番号13 : 
{ -0.683379 0 0.730064 0  }
{ 0 1 0 0  }
{ -0.730064 0 -0.683379 0  }
{ -0.746764 2.37716 0.95453 1  }

フレーム番号14 : 
{ -0.683379 0 0.730064 0  }
{ 0 1 0 0  }
{ -0.730064 0 -0.683379 0  }
{ -0.746764 2.37716 0.95453 1  }

フレーム番号15 : 
{ -0.683379 0 0.730064 0  }
{ 0 1 0 0  }
{ -0.730064 0 -0.683379 0  }
{ -0.746764 2.37716 0.95453 1  }

フレーム番号16 : 
{ -0.683379 0 0.730064 0  }
{ 0 1 0 0  }
{ -0.730064 0 -0.683379 0  }
{ -0.746764 2.37716 0.95453 1  }

フレーム番号17 : 
{ -0.683379 0 0.730064 0  }
{ 0 1 0 0  }
{ -0.730064 0 -0.683379 0  }
{ -0.746764 2.37716 0.95453 1  }

フレーム番号18 : 
{ -0.683379 0 0.730064 0  }
{ 0 1 0 0  }
{ -0.730064 0 -0.683379 0  }
{ -0.746764 2.37716 0.95453 1  }

フレーム番号19 : 
{ -0.683379 0 0.730064 0  }
{ 0 1 0 0  }
{ -0.730064 0 -0.683379 0  }
{ -0.746764 2.37716 0.95453 1  }

フレーム番号20 : 
{ -0.683379 0 0.730064 0  }
{ 0 1 0 0  }
{ -0.730064 0 -0.683379 0  }
{ -0.746764 2.37716 0.95453 1  }

フレーム番号21 : 
{ -0.683379 0 0.730064 0  }
{ 0 1 0 0  }
{ -0.730064 0 -0.683379 0  }
{ -0.746764 2.37716 0.95453 1  }

フレーム番号22 : 
{ -0.683379 0 0.730064 0  }
{ 0 1 0 0  }
{ -0.730064 0 -0.683379 0  }
{ -0.746764 2.37716 0.95453 1  }

フレーム番号23 : 
{ -0.683379 0 0.730064 0  }
{ 0 1 0 0  }
{ -0.730064 0 -0.683379 0  }
{ -0.746764 2.37716 0.95453 1  }

フレーム番号24 : 
{ -0.683379 0 0.730064 0  }
{ 0 1 0 0  }
{ -0.730064 0 -0.683379 0  }
{ -0.746764 2.37716 0.95453 1  }

フレーム番号25 : 
{ -0.683379 0 0.730064 0  }
{ 0 1 0 0  }
{ -0.730064 0 -0.683379 0  }
{ -0.746764 2.37716 0.95453 1  }

フレーム番号26 : 
{ -0.683379 0 0.730064 0  }
{ 0 1 0 0  }
{ -0.730064 0 -0.683379 0  }
{ -0.746764 2.37716 0.95453 1  }

フレーム番号27 : 
{ -0.683379 0 0.730064 0  }
{ 0 1 0 0  }
{ -0.730064 0 -0.683379 0  }
{ -0.746764 2.37716 0.95453 1  }

フレーム番号28 : 
{ -0.683379 0 0.730064 0  }
{ 0 1 0 0  }
{ -0.730064 0 -0.683379 0  }
{ -0.746764 2.37716 0.95453 1  }

フレーム番号29 : 
{ -0.683379 0 0.730064 0  }
{ 0 1 0 0  }
{ -0.730064 0 -0.683379 0  }
{ -0.746764 2.37716 0.95453 1  }

フレーム番号30 : 
{ -0.683379 0 0.730064 0  }
{ 0 1 0 0  }
{ -0.730064 0 -0.683379 0  }
{ -0.746764 2.37716 0.95453 1  }

