
[MeshData]

ボーン番号 : 16

ボーン名 : {  }

オフセット行列 : 
{ -0.730356 8.94428e-17 0.683067 0  }
{ 3.88131e-17 1 -8.94428e-17 0  }
{ -0.683067 -3.88131e-17 -0.730356 0  }
{ -1.73315 2.06812 1.68271 1  }

アニメーション行列 : 
フレーム番号0 : 
{ -0.730356 1.83589e-32 0.683067 0  }
{ -4.31408e-32 1 -1.54074e-32 0  }
{ -0.683067 4.31408e-32 -0.730356 0  }
{ -1.73315 2.04854 1.68271 1  }

フレーム番号1 : 
{ -0.730356 1.83589e-32 0.683067 0  }
{ -4.31408e-32 1 -1.54074e-32 0  }
{ -0.683067 4.31408e-32 -0.730356 0  }
{ -1.73315 2.04854 1.68271 1  }

フレーム番号2 : 
{ -0.730356 1.83589e-32 0.683067 0  }
{ -4.31408e-32 1 -1.54074e-32 0  }
{ -0.683067 4.31408e-32 -0.730356 0  }
{ -1.73315 2.04854 1.68271 1  }

フレーム番号3 : 
{ -0.730356 1.83589e-32 0.683067 0  }
{ -4.31408e-32 1 -1.54074e-32 0  }
{ -0.683067 4.31408e-32 -0.730356 0  }
{ -1.73315 2.04854 1.68271 1  }

フレーム番号4 : 
{ -0.730356 1.83589e-32 0.683067 0  }
{ -4.31408e-32 1 -1.54074e-32 0  }
{ -0.683067 4.31408e-32 -0.730356 0  }
{ -1.73315 2.04854 1.68271 1  }

フレーム番号5 : 
{ -0.730356 1.83589e-32 0.683067 0  }
{ -4.31408e-32 1 -1.54074e-32 0  }
{ -0.683067 4.31408e-32 -0.730356 0  }
{ -1.73315 2.04854 1.68271 1  }

フレーム番号6 : 
{ -0.730356 1.83589e-32 0.683067 0  }
{ -4.31408e-32 1 -1.54074e-32 0  }
{ -0.683067 4.31408e-32 -0.730356 0  }
{ -1.73315 2.04854 1.68271 1  }

フレーム番号7 : 
{ -0.730356 1.83589e-32 0.683067 0  }
{ -4.31408e-32 1 -1.54074e-32 0  }
{ -0.683067 4.31408e-32 -0.730356 0  }
{ -1.73315 2.04854 1.68271 1  }

フレーム番号8 : 
{ -0.730356 1.83589e-32 0.683067 0  }
{ -4.31408e-32 1 -1.54074e-32 0  }
{ -0.683067 4.31408e-32 -0.730356 0  }
{ -1.73315 2.04854 1.68271 1  }

フレーム番号9 : 
{ -0.730356 1.83589e-32 0.683067 0  }
{ -4.31408e-32 1 -1.54074e-32 0  }
{ -0.683067 4.31408e-32 -0.730356 0  }
{ -1.73315 2.04854 1.68271 1  }

フレーム番号10 : 
{ -0.730356 1.83589e-32 0.683067 0  }
{ -4.31408e-32 1 -1.54074e-32 0  }
{ -0.683067 4.31408e-32 -0.730356 0  }
{ -1.73315 2.04854 1.68271 1  }

フレーム番号11 : 
{ -0.730356 1.83589e-32 0.683067 0  }
{ -4.31408e-32 1 -1.54074e-32 0  }
{ -0.683067 4.31408e-32 -0.730356 0  }
{ -1.73315 2.04854 1.68271 1  }

フレーム番号12 : 
{ -0.730356 1.83589e-32 0.683067 0  }
{ -4.31408e-32 1 -1.54074e-32 0  }
{ -0.683067 4.31408e-32 -0.730356 0  }
{ -1.73315 2.04854 1.68271 1  }

フレーム番号13 : 
{ -0.730356 1.83589e-32 0.683067 0  }
{ -4.31408e-32 1 -1.54074e-32 0  }
{ -0.683067 4.31408e-32 -0.730356 0  }
{ -1.73315 2.04854 1.68271 1  }

フレーム番号14 : 
{ -0.730356 1.83589e-32 0.683067 0  }
{ -4.31408e-32 1 -1.54074e-32 0  }
{ -0.683067 4.31408e-32 -0.730356 0  }
{ -1.73315 2.04854 1.68271 1  }

フレーム番号15 : 
{ -0.730356 1.83589e-32 0.683067 0  }
{ -4.31408e-32 1 -1.54074e-32 0  }
{ -0.683067 4.31408e-32 -0.730356 0  }
{ -1.73315 2.04854 1.68271 1  }

フレーム番号16 : 
{ -0.730356 1.83589e-32 0.683067 0  }
{ -4.31408e-32 1 -1.54074e-32 0  }
{ -0.683067 4.31408e-32 -0.730356 0  }
{ -1.73315 2.04854 1.68271 1  }

フレーム番号17 : 
{ -0.730356 1.83589e-32 0.683067 0  }
{ -4.31408e-32 1 -1.54074e-32 0  }
{ -0.683067 4.31408e-32 -0.730356 0  }
{ -1.73315 2.04854 1.68271 1  }

フレーム番号18 : 
{ -0.730356 1.83589e-32 0.683067 0  }
{ -4.31408e-32 1 -1.54074e-32 0  }
{ -0.683067 4.31408e-32 -0.730356 0  }
{ -1.73315 2.04854 1.68271 1  }

フレーム番号19 : 
{ -0.730356 1.83589e-32 0.683067 0  }
{ -4.31408e-32 1 -1.54074e-32 0  }
{ -0.683067 4.31408e-32 -0.730356 0  }
{ -1.73315 2.04854 1.68271 1  }

フレーム番号20 : 
{ -0.730356 1.83589e-32 0.683067 0  }
{ -4.31408e-32 1 -1.54074e-32 0  }
{ -0.683067 4.31408e-32 -0.730356 0  }
{ -1.73315 2.04854 1.68271 1  }

フレーム番号21 : 
{ -0.730356 1.83589e-32 0.683067 0  }
{ -4.31408e-32 1 -1.54074e-32 0  }
{ -0.683067 4.31408e-32 -0.730356 0  }
{ -1.73315 2.04854 1.68271 1  }

フレーム番号22 : 
{ -0.730356 1.83589e-32 0.683067 0  }
{ -4.31408e-32 1 -1.54074e-32 0  }
{ -0.683067 4.31408e-32 -0.730356 0  }
{ -1.73315 2.04854 1.68271 1  }

フレーム番号23 : 
{ -0.730356 1.83589e-32 0.683067 0  }
{ -4.31408e-32 1 -1.54074e-32 0  }
{ -0.683067 4.31408e-32 -0.730356 0  }
{ -1.73315 2.04854 1.68271 1  }

フレーム番号24 : 
{ -0.730356 1.83589e-32 0.683067 0  }
{ -4.31408e-32 1 -1.54074e-32 0  }
{ -0.683067 4.31408e-32 -0.730356 0  }
{ -1.73315 2.04854 1.68271 1  }

フレーム番号25 : 
{ -0.730356 1.83589e-32 0.683067 0  }
{ -4.31408e-32 1 -1.54074e-32 0  }
{ -0.683067 4.31408e-32 -0.730356 0  }
{ -1.73315 2.04854 1.68271 1  }

フレーム番号26 : 
{ -0.730356 1.83589e-32 0.683067 0  }
{ -4.31408e-32 1 -1.54074e-32 0  }
{ -0.683067 4.31408e-32 -0.730356 0  }
{ -1.73315 2.04854 1.68271 1  }

フレーム番号27 : 
{ -0.730356 1.83589e-32 0.683067 0  }
{ -4.31408e-32 1 -1.54074e-32 0  }
{ -0.683067 4.31408e-32 -0.730356 0  }
{ -1.73315 2.04854 1.68271 1  }

フレーム番号28 : 
{ -0.730356 1.83589e-32 0.683067 0  }
{ -4.31408e-32 1 -1.54074e-32 0  }
{ -0.683067 4.31408e-32 -0.730356 0  }
{ -1.73315 2.04854 1.68271 1  }

フレーム番号29 : 
{ -0.730356 1.83589e-32 0.683067 0  }
{ -4.31408e-32 1 -1.54074e-32 0  }
{ -0.683067 4.31408e-32 -0.730356 0  }
{ -1.73315 2.04854 1.68271 1  }

フレーム番号30 : 
{ -0.730356 1.83589e-32 0.683067 0  }
{ -4.31408e-32 1 -1.54074e-32 0  }
{ -0.683067 4.31408e-32 -0.730356 0  }
{ -1.73315 2.04854 1.68271 1  }

