
[MeshData]

ボーン番号 : 15

ボーン名 : {  }

オフセット行列 : 
{ -0.81244 9.94952e-17 0.583045 0  }
{ 5.10623e-17 1 -9.94952e-17 0  }
{ -0.583045 -5.10623e-17 -0.81244 0  }
{ -1.41105 2.35312 1.47127 1  }

アニメーション行列 : 
フレーム番号0 : 
{ -0.81244 2.46519e-32 0.583045 0  }
{ -4.93038e-32 1 -1.2326e-32 0  }
{ -0.583045 2.46519e-32 -0.81244 0  }
{ -1.41105 2.33354 1.47127 1  }

フレーム番号1 : 
{ -0.81244 2.46519e-32 0.583045 0  }
{ -4.93038e-32 1 -1.2326e-32 0  }
{ -0.583045 2.46519e-32 -0.81244 0  }
{ -1.41105 2.33354 1.47127 1  }

フレーム番号2 : 
{ -0.81244 2.46519e-32 0.583045 0  }
{ -4.93038e-32 1 -1.2326e-32 0  }
{ -0.583045 2.46519e-32 -0.81244 0  }
{ -1.41105 2.33354 1.47127 1  }

フレーム番号3 : 
{ -0.81244 2.46519e-32 0.583045 0  }
{ -4.93038e-32 1 -1.2326e-32 0  }
{ -0.583045 2.46519e-32 -0.81244 0  }
{ -1.41105 2.33354 1.47127 1  }

フレーム番号4 : 
{ -0.81244 2.46519e-32 0.583045 0  }
{ -4.93038e-32 1 -1.2326e-32 0  }
{ -0.583045 2.46519e-32 -0.81244 0  }
{ -1.41105 2.33354 1.47127 1  }

フレーム番号5 : 
{ -0.81244 2.46519e-32 0.583045 0  }
{ -4.93038e-32 1 -1.2326e-32 0  }
{ -0.583045 2.46519e-32 -0.81244 0  }
{ -1.41105 2.33354 1.47127 1  }

フレーム番号6 : 
{ -0.81244 2.46519e-32 0.583045 0  }
{ -4.93038e-32 1 -1.2326e-32 0  }
{ -0.583045 2.46519e-32 -0.81244 0  }
{ -1.41105 2.33354 1.47127 1  }

フレーム番号7 : 
{ -0.81244 2.46519e-32 0.583045 0  }
{ -4.93038e-32 1 -1.2326e-32 0  }
{ -0.583045 2.46519e-32 -0.81244 0  }
{ -1.41105 2.33354 1.47127 1  }

フレーム番号8 : 
{ -0.81244 2.46519e-32 0.583045 0  }
{ -4.93038e-32 1 -1.2326e-32 0  }
{ -0.583045 2.46519e-32 -0.81244 0  }
{ -1.41105 2.33354 1.47127 1  }

フレーム番号9 : 
{ -0.81244 2.46519e-32 0.583045 0  }
{ -4.93038e-32 1 -1.2326e-32 0  }
{ -0.583045 2.46519e-32 -0.81244 0  }
{ -1.41105 2.33354 1.47127 1  }

フレーム番号10 : 
{ -0.81244 2.46519e-32 0.583045 0  }
{ -4.93038e-32 1 -1.2326e-32 0  }
{ -0.583045 2.46519e-32 -0.81244 0  }
{ -1.41105 2.33354 1.47127 1  }

フレーム番号11 : 
{ -0.81244 2.46519e-32 0.583045 0  }
{ -4.93038e-32 1 -1.2326e-32 0  }
{ -0.583045 2.46519e-32 -0.81244 0  }
{ -1.41105 2.33354 1.47127 1  }

フレーム番号12 : 
{ -0.81244 2.46519e-32 0.583045 0  }
{ -4.93038e-32 1 -1.2326e-32 0  }
{ -0.583045 2.46519e-32 -0.81244 0  }
{ -1.41105 2.33354 1.47127 1  }

フレーム番号13 : 
{ -0.81244 2.46519e-32 0.583045 0  }
{ -4.93038e-32 1 -1.2326e-32 0  }
{ -0.583045 2.46519e-32 -0.81244 0  }
{ -1.41105 2.33354 1.47127 1  }

フレーム番号14 : 
{ -0.81244 2.46519e-32 0.583045 0  }
{ -4.93038e-32 1 -1.2326e-32 0  }
{ -0.583045 2.46519e-32 -0.81244 0  }
{ -1.41105 2.33354 1.47127 1  }

フレーム番号15 : 
{ -0.81244 2.46519e-32 0.583045 0  }
{ -4.93038e-32 1 -1.2326e-32 0  }
{ -0.583045 2.46519e-32 -0.81244 0  }
{ -1.41105 2.33354 1.47127 1  }

フレーム番号16 : 
{ -0.81244 2.46519e-32 0.583045 0  }
{ -4.93038e-32 1 -1.2326e-32 0  }
{ -0.583045 2.46519e-32 -0.81244 0  }
{ -1.41105 2.33354 1.47127 1  }

フレーム番号17 : 
{ -0.81244 2.46519e-32 0.583045 0  }
{ -4.93038e-32 1 -1.2326e-32 0  }
{ -0.583045 2.46519e-32 -0.81244 0  }
{ -1.41105 2.33354 1.47127 1  }

フレーム番号18 : 
{ -0.81244 2.46519e-32 0.583045 0  }
{ -4.93038e-32 1 -1.2326e-32 0  }
{ -0.583045 2.46519e-32 -0.81244 0  }
{ -1.41105 2.33354 1.47127 1  }

フレーム番号19 : 
{ -0.81244 2.46519e-32 0.583045 0  }
{ -4.93038e-32 1 -1.2326e-32 0  }
{ -0.583045 2.46519e-32 -0.81244 0  }
{ -1.41105 2.33354 1.47127 1  }

フレーム番号20 : 
{ -0.81244 2.46519e-32 0.583045 0  }
{ -4.93038e-32 1 -1.2326e-32 0  }
{ -0.583045 2.46519e-32 -0.81244 0  }
{ -1.41105 2.33354 1.47127 1  }

フレーム番号21 : 
{ -0.81244 2.46519e-32 0.583045 0  }
{ -4.93038e-32 1 -1.2326e-32 0  }
{ -0.583045 2.46519e-32 -0.81244 0  }
{ -1.41105 2.33354 1.47127 1  }

フレーム番号22 : 
{ -0.81244 2.46519e-32 0.583045 0  }
{ -4.93038e-32 1 -1.2326e-32 0  }
{ -0.583045 2.46519e-32 -0.81244 0  }
{ -1.41105 2.33354 1.47127 1  }

フレーム番号23 : 
{ -0.81244 2.46519e-32 0.583045 0  }
{ -4.93038e-32 1 -1.2326e-32 0  }
{ -0.583045 2.46519e-32 -0.81244 0  }
{ -1.41105 2.33354 1.47127 1  }

フレーム番号24 : 
{ -0.81244 2.46519e-32 0.583045 0  }
{ -4.93038e-32 1 -1.2326e-32 0  }
{ -0.583045 2.46519e-32 -0.81244 0  }
{ -1.41105 2.33354 1.47127 1  }

フレーム番号25 : 
{ -0.81244 2.46519e-32 0.583045 0  }
{ -4.93038e-32 1 -1.2326e-32 0  }
{ -0.583045 2.46519e-32 -0.81244 0  }
{ -1.41105 2.33354 1.47127 1  }

フレーム番号26 : 
{ -0.81244 2.46519e-32 0.583045 0  }
{ -4.93038e-32 1 -1.2326e-32 0  }
{ -0.583045 2.46519e-32 -0.81244 0  }
{ -1.41105 2.33354 1.47127 1  }

フレーム番号27 : 
{ -0.81244 2.46519e-32 0.583045 0  }
{ -4.93038e-32 1 -1.2326e-32 0  }
{ -0.583045 2.46519e-32 -0.81244 0  }
{ -1.41105 2.33354 1.47127 1  }

フレーム番号28 : 
{ -0.81244 2.46519e-32 0.583045 0  }
{ -4.93038e-32 1 -1.2326e-32 0  }
{ -0.583045 2.46519e-32 -0.81244 0  }
{ -1.41105 2.33354 1.47127 1  }

フレーム番号29 : 
{ -0.81244 2.46519e-32 0.583045 0  }
{ -4.93038e-32 1 -1.2326e-32 0  }
{ -0.583045 2.46519e-32 -0.81244 0  }
{ -1.41105 2.33354 1.47127 1  }

フレーム番号30 : 
{ -0.81244 2.46519e-32 0.583045 0  }
{ -4.93038e-32 1 -1.2326e-32 0  }
{ -0.583045 2.46519e-32 -0.81244 0  }
{ -1.41105 2.33354 1.47127 1  }

