
[MeshData]

ボーン番号 : 18

ボーン名 : {  }

オフセット行列 : 
{ -0.784883 9.61204e-17 0.619644 0  }
{ 4.65801e-17 1 -9.61204e-17 0  }
{ -0.619644 -4.65801e-17 -0.784883 0  }
{ -0.967898 2.68742 1.23902 1  }

アニメーション行列 : 
フレーム番号0 : 
{ -0.784883 7.43042e-17 0.619644 0  }
{ 6.46646e-17 1 -3.80058e-17 0  }
{ -0.619644 1.02389e-17 -0.784883 0  }
{ -0.967898 2.68742 1.23902 1  }

フレーム番号1 : 
{ -0.784883 7.43042e-17 0.619644 0  }
{ 6.46646e-17 1 -3.80058e-17 0  }
{ -0.619644 1.02389e-17 -0.784883 0  }
{ -0.967898 2.68742 1.23902 1  }

フレーム番号2 : 
{ -0.784883 7.43042e-17 0.619644 0  }
{ 6.46646e-17 1 -3.80058e-17 0  }
{ -0.619644 1.02389e-17 -0.784883 0  }
{ -0.967898 2.68742 1.23902 1  }

フレーム番号3 : 
{ -0.784883 7.43042e-17 0.619644 0  }
{ 6.46646e-17 1 -3.80058e-17 0  }
{ -0.619644 1.02389e-17 -0.784883 0  }
{ -0.967898 2.68742 1.23902 1  }

フレーム番号4 : 
{ -0.784883 7.43042e-17 0.619644 0  }
{ 6.46646e-17 1 -3.80058e-17 0  }
{ -0.619644 1.02389e-17 -0.784883 0  }
{ -0.967898 2.68742 1.23902 1  }

フレーム番号5 : 
{ -0.784883 7.43042e-17 0.619644 0  }
{ 6.46646e-17 1 -3.80058e-17 0  }
{ -0.619644 1.02389e-17 -0.784883 0  }
{ -0.967898 2.68742 1.23902 1  }

フレーム番号6 : 
{ -0.784883 7.43042e-17 0.619644 0  }
{ 6.46646e-17 1 -3.80058e-17 0  }
{ -0.619644 1.02389e-17 -0.784883 0  }
{ -0.967898 2.68742 1.23902 1  }

フレーム番号7 : 
{ -0.784883 7.43042e-17 0.619644 0  }
{ 6.46646e-17 1 -3.80058e-17 0  }
{ -0.619644 1.02389e-17 -0.784883 0  }
{ -0.967898 2.68742 1.23902 1  }

フレーム番号8 : 
{ -0.784883 7.43042e-17 0.619644 0  }
{ 6.46646e-17 1 -3.80058e-17 0  }
{ -0.619644 1.02389e-17 -0.784883 0  }
{ -0.967898 2.68742 1.23902 1  }

フレーム番号9 : 
{ -0.784883 7.43042e-17 0.619644 0  }
{ 6.46646e-17 1 -3.80058e-17 0  }
{ -0.619644 1.02389e-17 -0.784883 0  }
{ -0.967898 2.68742 1.23902 1  }

フレーム番号10 : 
{ -0.784883 7.43042e-17 0.619644 0  }
{ 6.46646e-17 1 -3.80058e-17 0  }
{ -0.619644 1.02389e-17 -0.784883 0  }
{ -0.967898 2.68742 1.23902 1  }

フレーム番号11 : 
{ -0.784883 7.43042e-17 0.619644 0  }
{ 6.46646e-17 1 -3.80058e-17 0  }
{ -0.619644 1.02389e-17 -0.784883 0  }
{ -0.967898 2.68742 1.23902 1  }

フレーム番号12 : 
{ -0.784883 7.43042e-17 0.619644 0  }
{ 6.46646e-17 1 -3.80058e-17 0  }
{ -0.619644 1.02389e-17 -0.784883 0  }
{ -0.967898 2.68742 1.23902 1  }

フレーム番号13 : 
{ -0.784883 7.43042e-17 0.619644 0  }
{ 6.46646e-17 1 -3.80058e-17 0  }
{ -0.619644 1.02389e-17 -0.784883 0  }
{ -0.967898 2.68742 1.23902 1  }

フレーム番号14 : 
{ -0.784883 7.43042e-17 0.619644 0  }
{ 6.46646e-17 1 -3.80058e-17 0  }
{ -0.619644 1.02389e-17 -0.784883 0  }
{ -0.967898 2.68742 1.23902 1  }

フレーム番号15 : 
{ -0.784883 7.43042e-17 0.619644 0  }
{ 6.46646e-17 1 -3.80058e-17 0  }
{ -0.619644 1.02389e-17 -0.784883 0  }
{ -0.967898 2.68742 1.23902 1  }

フレーム番号16 : 
{ -0.784883 7.43042e-17 0.619644 0  }
{ 6.46646e-17 1 -3.80058e-17 0  }
{ -0.619644 1.02389e-17 -0.784883 0  }
{ -0.967898 2.68742 1.23902 1  }

フレーム番号17 : 
{ -0.784883 7.43042e-17 0.619644 0  }
{ 6.46646e-17 1 -3.80058e-17 0  }
{ -0.619644 1.02389e-17 -0.784883 0  }
{ -0.967898 2.68742 1.23902 1  }

フレーム番号18 : 
{ -0.784883 7.43042e-17 0.619644 0  }
{ 6.46646e-17 1 -3.80058e-17 0  }
{ -0.619644 1.02389e-17 -0.784883 0  }
{ -0.967898 2.68742 1.23902 1  }

フレーム番号19 : 
{ -0.784883 7.43042e-17 0.619644 0  }
{ 6.46646e-17 1 -3.80058e-17 0  }
{ -0.619644 1.02389e-17 -0.784883 0  }
{ -0.967898 2.68742 1.23902 1  }

フレーム番号20 : 
{ -0.784883 7.43042e-17 0.619644 0  }
{ 6.46646e-17 1 -3.80058e-17 0  }
{ -0.619644 1.02389e-17 -0.784883 0  }
{ -0.967898 2.68742 1.23902 1  }

フレーム番号21 : 
{ -0.784883 7.43042e-17 0.619644 0  }
{ 6.46646e-17 1 -3.80058e-17 0  }
{ -0.619644 1.02389e-17 -0.784883 0  }
{ -0.967898 2.68742 1.23902 1  }

フレーム番号22 : 
{ -0.784883 7.43042e-17 0.619644 0  }
{ 6.46646e-17 1 -3.80058e-17 0  }
{ -0.619644 1.02389e-17 -0.784883 0  }
{ -0.967898 2.68742 1.23902 1  }

フレーム番号23 : 
{ -0.784883 7.43042e-17 0.619644 0  }
{ 6.46646e-17 1 -3.80058e-17 0  }
{ -0.619644 1.02389e-17 -0.784883 0  }
{ -0.967898 2.68742 1.23902 1  }

フレーム番号24 : 
{ -0.784883 7.43042e-17 0.619644 0  }
{ 6.46646e-17 1 -3.80058e-17 0  }
{ -0.619644 1.02389e-17 -0.784883 0  }
{ -0.967898 2.68742 1.23902 1  }

フレーム番号25 : 
{ -0.784883 7.43042e-17 0.619644 0  }
{ 6.46646e-17 1 -3.80058e-17 0  }
{ -0.619644 1.02389e-17 -0.784883 0  }
{ -0.967898 2.68742 1.23902 1  }

フレーム番号26 : 
{ -0.784883 7.43042e-17 0.619644 0  }
{ 6.46646e-17 1 -3.80058e-17 0  }
{ -0.619644 1.02389e-17 -0.784883 0  }
{ -0.967898 2.68742 1.23902 1  }

フレーム番号27 : 
{ -0.784883 7.43042e-17 0.619644 0  }
{ 6.46646e-17 1 -3.80058e-17 0  }
{ -0.619644 1.02389e-17 -0.784883 0  }
{ -0.967898 2.68742 1.23902 1  }

フレーム番号28 : 
{ -0.784883 7.43042e-17 0.619644 0  }
{ 6.46646e-17 1 -3.80058e-17 0  }
{ -0.619644 1.02389e-17 -0.784883 0  }
{ -0.967898 2.68742 1.23902 1  }

フレーム番号29 : 
{ -0.784883 7.43042e-17 0.619644 0  }
{ 6.46646e-17 1 -3.80058e-17 0  }
{ -0.619644 1.02389e-17 -0.784883 0  }
{ -0.967898 2.68742 1.23902 1  }

フレーム番号30 : 
{ -0.784883 7.43042e-17 0.619644 0  }
{ 6.46646e-17 1 -3.80058e-17 0  }
{ -0.619644 1.02389e-17 -0.784883 0  }
{ -0.967898 2.68742 1.23902 1  }

