
[MeshData]

ボーン番号 : 21

ボーン名 : {  }

オフセット行列 : 
{ -0.70253 8.60351e-17 0.711654 0  }
{ 2.09617e-16 1 8.60351e-17 0  }
{ -0.711654 2.09617e-16 -0.70253 0  }
{ -1.67476 2.30424 1.90595 1  }

アニメーション行列 : 
フレーム番号0 : 
{ -0.70253 6.55056e-16 0.711654 0  }
{ 5.50031e-16 1 -3.7749e-16 0  }
{ -0.711654 1.26234e-16 -0.70253 0  }
{ -1.67476 2.30424 1.90595 1  }

フレーム番号1 : 
{ -0.70253 6.55056e-16 0.711654 0  }
{ 5.50031e-16 1 -3.7749e-16 0  }
{ -0.711654 1.26234e-16 -0.70253 0  }
{ -1.67476 2.30424 1.90595 1  }

フレーム番号2 : 
{ -0.70253 6.55056e-16 0.711654 0  }
{ 5.50031e-16 1 -3.7749e-16 0  }
{ -0.711654 1.26234e-16 -0.70253 0  }
{ -1.67476 2.30424 1.90595 1  }

フレーム番号3 : 
{ -0.70253 6.55056e-16 0.711654 0  }
{ 5.50031e-16 1 -3.7749e-16 0  }
{ -0.711654 1.26234e-16 -0.70253 0  }
{ -1.67476 2.30424 1.90595 1  }

フレーム番号4 : 
{ -0.70253 6.55056e-16 0.711654 0  }
{ 5.50031e-16 1 -3.7749e-16 0  }
{ -0.711654 1.26234e-16 -0.70253 0  }
{ -1.67476 2.30424 1.90595 1  }

フレーム番号5 : 
{ -0.70253 6.55056e-16 0.711654 0  }
{ 5.50031e-16 1 -3.7749e-16 0  }
{ -0.711654 1.26234e-16 -0.70253 0  }
{ -1.67476 2.30424 1.90595 1  }

フレーム番号6 : 
{ -0.70253 6.55056e-16 0.711654 0  }
{ 5.50031e-16 1 -3.7749e-16 0  }
{ -0.711654 1.26234e-16 -0.70253 0  }
{ -1.67476 2.30424 1.90595 1  }

フレーム番号7 : 
{ -0.70253 6.55056e-16 0.711654 0  }
{ 5.50031e-16 1 -3.7749e-16 0  }
{ -0.711654 1.26234e-16 -0.70253 0  }
{ -1.67476 2.30424 1.90595 1  }

フレーム番号8 : 
{ -0.70253 6.55056e-16 0.711654 0  }
{ 5.50031e-16 1 -3.7749e-16 0  }
{ -0.711654 1.26234e-16 -0.70253 0  }
{ -1.67476 2.30424 1.90595 1  }

フレーム番号9 : 
{ -0.70253 6.55056e-16 0.711654 0  }
{ 5.50031e-16 1 -3.7749e-16 0  }
{ -0.711654 1.26234e-16 -0.70253 0  }
{ -1.67476 2.30424 1.90595 1  }

フレーム番号10 : 
{ -0.70253 6.55056e-16 0.711654 0  }
{ 5.50031e-16 1 -3.7749e-16 0  }
{ -0.711654 1.26234e-16 -0.70253 0  }
{ -1.67476 2.30424 1.90595 1  }

フレーム番号11 : 
{ -0.70253 6.55056e-16 0.711654 0  }
{ 5.50031e-16 1 -3.7749e-16 0  }
{ -0.711654 1.26234e-16 -0.70253 0  }
{ -1.67476 2.30424 1.90595 1  }

フレーム番号12 : 
{ -0.70253 6.55056e-16 0.711654 0  }
{ 5.50031e-16 1 -3.7749e-16 0  }
{ -0.711654 1.26234e-16 -0.70253 0  }
{ -1.67476 2.30424 1.90595 1  }

フレーム番号13 : 
{ -0.70253 6.55056e-16 0.711654 0  }
{ 5.50031e-16 1 -3.7749e-16 0  }
{ -0.711654 1.26234e-16 -0.70253 0  }
{ -1.67476 2.30424 1.90595 1  }

フレーム番号14 : 
{ -0.70253 6.55056e-16 0.711654 0  }
{ 5.50031e-16 1 -3.7749e-16 0  }
{ -0.711654 1.26234e-16 -0.70253 0  }
{ -1.67476 2.30424 1.90595 1  }

フレーム番号15 : 
{ -0.70253 6.55056e-16 0.711654 0  }
{ 5.50031e-16 1 -3.7749e-16 0  }
{ -0.711654 1.26234e-16 -0.70253 0  }
{ -1.67476 2.30424 1.90595 1  }

フレーム番号16 : 
{ -0.70253 6.55056e-16 0.711654 0  }
{ 5.50031e-16 1 -3.7749e-16 0  }
{ -0.711654 1.26234e-16 -0.70253 0  }
{ -1.67476 2.30424 1.90595 1  }

フレーム番号17 : 
{ -0.70253 6.55056e-16 0.711654 0  }
{ 5.50031e-16 1 -3.7749e-16 0  }
{ -0.711654 1.26234e-16 -0.70253 0  }
{ -1.67476 2.30424 1.90595 1  }

フレーム番号18 : 
{ -0.70253 6.55056e-16 0.711654 0  }
{ 5.50031e-16 1 -3.7749e-16 0  }
{ -0.711654 1.26234e-16 -0.70253 0  }
{ -1.67476 2.30424 1.90595 1  }

フレーム番号19 : 
{ -0.70253 6.55056e-16 0.711654 0  }
{ 5.50031e-16 1 -3.7749e-16 0  }
{ -0.711654 1.26234e-16 -0.70253 0  }
{ -1.67476 2.30424 1.90595 1  }

フレーム番号20 : 
{ -0.70253 6.55056e-16 0.711654 0  }
{ 5.50031e-16 1 -3.7749e-16 0  }
{ -0.711654 1.26234e-16 -0.70253 0  }
{ -1.67476 2.30424 1.90595 1  }

フレーム番号21 : 
{ -0.70253 6.55056e-16 0.711654 0  }
{ 5.50031e-16 1 -3.7749e-16 0  }
{ -0.711654 1.26234e-16 -0.70253 0  }
{ -1.67476 2.30424 1.90595 1  }

フレーム番号22 : 
{ -0.70253 6.55056e-16 0.711654 0  }
{ 5.50031e-16 1 -3.7749e-16 0  }
{ -0.711654 1.26234e-16 -0.70253 0  }
{ -1.67476 2.30424 1.90595 1  }

フレーム番号23 : 
{ -0.70253 6.55056e-16 0.711654 0  }
{ 5.50031e-16 1 -3.7749e-16 0  }
{ -0.711654 1.26234e-16 -0.70253 0  }
{ -1.67476 2.30424 1.90595 1  }

フレーム番号24 : 
{ -0.70253 6.55056e-16 0.711654 0  }
{ 5.50031e-16 1 -3.7749e-16 0  }
{ -0.711654 1.26234e-16 -0.70253 0  }
{ -1.67476 2.30424 1.90595 1  }

フレーム番号25 : 
{ -0.70253 6.55056e-16 0.711654 0  }
{ 5.50031e-16 1 -3.7749e-16 0  }
{ -0.711654 1.26234e-16 -0.70253 0  }
{ -1.67476 2.30424 1.90595 1  }

フレーム番号26 : 
{ -0.70253 6.55056e-16 0.711654 0  }
{ 5.50031e-16 1 -3.7749e-16 0  }
{ -0.711654 1.26234e-16 -0.70253 0  }
{ -1.67476 2.30424 1.90595 1  }

フレーム番号27 : 
{ -0.70253 6.55056e-16 0.711654 0  }
{ 5.50031e-16 1 -3.7749e-16 0  }
{ -0.711654 1.26234e-16 -0.70253 0  }
{ -1.67476 2.30424 1.90595 1  }

フレーム番号28 : 
{ -0.70253 6.55056e-16 0.711654 0  }
{ 5.50031e-16 1 -3.7749e-16 0  }
{ -0.711654 1.26234e-16 -0.70253 0  }
{ -1.67476 2.30424 1.90595 1  }

フレーム番号29 : 
{ -0.70253 6.55056e-16 0.711654 0  }
{ 5.50031e-16 1 -3.7749e-16 0  }
{ -0.711654 1.26234e-16 -0.70253 0  }
{ -1.67476 2.30424 1.90595 1  }

フレーム番号30 : 
{ -0.70253 6.55056e-16 0.711654 0  }
{ 5.50031e-16 1 -3.7749e-16 0  }
{ -0.711654 1.26234e-16 -0.70253 0  }
{ -1.67476 2.30424 1.90595 1  }

