
[MeshData]

ボーン番号 : 10

ボーン名 : {  }

オフセット行列 : 
{ 1 0 0 0  }
{ -0 1 0 0  }
{ 0 -0 1 0  }
{ 1.8466e-16 1.15751 0.728331 1  }

アニメーション行列 : 
フレーム番号0 : 
{ 0.90571 -0.423898 0 0  }
{ 0.423898 0.90571 0 0  }
{ 0 0 1 0  }
{ 1.8466e-16 1.15751 0.728331 1  }

フレーム番号1 : 
{ 0.910954 -0.412509 0 0  }
{ 0.412509 0.910954 0 0  }
{ 0 0 1 0  }
{ 1.82307e-16 1.15751 0.728331 1  }

フレーム番号2 : 
{ 0.924938 -0.380119 0 0  }
{ 0.380119 0.924938 0 0  }
{ 0 0 1 0  }
{ 1.75687e-16 1.15751 0.728331 1  }

フレーム番号3 : 
{ 0.944279 -0.329146 0 0  }
{ 0.329146 0.944279 0 0  }
{ 0 0 1 0  }
{ 1.65455e-16 1.15751 0.728331 1  }

フレーム番号4 : 
{ 0.965059 -0.262032 0 0  }
{ 0.262032 0.965059 0 0  }
{ 0 0 1 0  }
{ 1.52269e-16 1.15751 0.728331 1  }

フレーム番号5 : 
{ 0.983373 -0.181596 0 0  }
{ 0.181596 0.983373 0 0  }
{ 0 0 1 0  }
{ 1.36785e-16 1.15751 0.728331 1  }

フレーム番号6 : 
{ 0.995831 -0.091217 0 0  }
{ 0.091217 0.995831 0 0  }
{ 0 0 1 0  }
{ 1.19659e-16 1.15751 0.728331 1  }

フレーム番号7 : 
{ 0.999987 0.00517006 0 0  }
{ -0.00517006 0.999987 0 0  }
{ 0 0 1 0  }
{ 1.01549e-16 1.15751 0.728331 1  }

フレーム番号8 : 
{ 0.994655 0.103249 0 0  }
{ -0.103249 0.994655 0 0  }
{ 0 0 1 0  }
{ 8.31106e-17 1.15751 0.728331 1  }

フレーム番号9 : 
{ 0.980077 0.198618 0 0  }
{ -0.198618 0.980077 0 0  }
{ 0 0 1 0  }
{ 6.50002e-17 1.15751 0.728331 1  }

フレーム番号10 : 
{ 0.957896 0.287115 0 0  }
{ -0.287115 0.957896 0 0  }
{ 0 0 1 0  }
{ 4.78747e-17 1.15751 0.728331 1  }

フレーム番号11 : 
{ 0.930972 0.365092 0 0  }
{ -0.365092 0.930972 0 0  }
{ 0 0 1 0  }
{ 3.23907e-17 1.15751 0.728331 1  }

フレーム番号12 : 
{ 0.90304 0.429557 0 0  }
{ -0.429557 0.90304 0 0  }
{ 0 0 1 0  }
{ 1.92046e-17 1.15751 0.728331 1  }

フレーム番号13 : 
{ 0.878287 0.478134 0 0  }
{ -0.478134 0.878287 0 0  }
{ 0 0 1 0  }
{ 8.97309e-18 1.15751 0.728331 1  }

フレーム番号14 : 
{ 0.860875 0.508817 0 0  }
{ -0.508817 0.860875 0 0  }
{ 0 0 1 0  }
{ 2.3527e-18 1.15751 0.728331 1  }

フレーム番号15 : 
{ 0.854428 0.519571 0 0  }
{ -0.519571 0.854428 0 0  }
{ 0 0 1 0  }
{ -1.2326e-32 1.15751 0.728331 1  }

フレーム番号16 : 
{ 0.860875 0.508817 0 0  }
{ -0.508817 0.860875 0 0  }
{ 0 0 1 0  }
{ -1.2326e-32 1.15751 0.728331 1  }

フレーム番号17 : 
{ 0.878287 0.478134 0 0  }
{ -0.478134 0.878287 0 0  }
{ 0 0 1 0  }
{ -1.2326e-32 1.15751 0.728331 1  }

フレーム番号18 : 
{ 0.90304 0.429557 0 0  }
{ -0.429557 0.90304 0 0  }
{ 0 0 1 0  }
{ -1.2326e-32 1.15751 0.728331 1  }

フレーム番号19 : 
{ 0.930972 0.365091 0 0  }
{ -0.365091 0.930972 0 0  }
{ 0 0 1 0  }
{ -1.2326e-32 1.15751 0.728331 1  }

フレーム番号20 : 
{ 0.957896 0.287114 0 0  }
{ -0.287114 0.957896 0 0  }
{ 0 0 1 0  }
{ -1.2326e-32 1.15751 0.728331 1  }

フレーム番号21 : 
{ 0.980077 0.198618 0 0  }
{ -0.198618 0.980077 0 0  }
{ 0 0 1 0  }
{ -1.2326e-32 1.15751 0.728331 1  }

フレーム番号22 : 
{ 0.994656 0.103249 0 0  }
{ -0.103249 0.994656 0 0  }
{ 0 0 1 0  }
{ -1.2326e-32 1.15751 0.728331 1  }

フレーム番号23 : 
{ 0.999987 0.00516933 0 0  }
{ -0.00516933 0.999987 0 0  }
{ 0 0 1 0  }
{ -1.2326e-32 1.15751 0.728331 1  }

フレーム番号24 : 
{ 0.995831 -0.0912178 0 0  }
{ 0.0912178 0.995831 0 0  }
{ 0 0 1 0  }
{ -1.2326e-32 1.15751 0.728331 1  }

フレーム番号25 : 
{ 0.983373 -0.181597 0 0  }
{ 0.181597 0.983373 0 0  }
{ 0 0 1 0  }
{ -1.2326e-32 1.15751 0.728331 1  }

フレーム番号26 : 
{ 0.965059 -0.262033 0 0  }
{ 0.262033 0.965059 0 0  }
{ 0 0 1 0  }
{ -1.2326e-32 1.15751 0.728331 1  }

フレーム番号27 : 
{ 0.944279 -0.329147 0 0  }
{ 0.329147 0.944279 0 0  }
{ 0 0 1 0  }
{ -1.2326e-32 1.15751 0.728331 1  }

フレーム番号28 : 
{ 0.924937 -0.38012 0 0  }
{ 0.38012 0.924937 0 0  }
{ 0 0 1 0  }
{ -1.2326e-32 1.15751 0.728331 1  }

フレーム番号29 : 
{ 0.910953 -0.41251 0 0  }
{ 0.41251 0.910953 0 0  }
{ 0 0 1 0  }
{ -1.2326e-32 1.15751 0.728331 1  }

フレーム番号30 : 
{ 0.905709 -0.423899 0 0  }
{ 0.423899 0.905709 0 0  }
{ 0 0 1 0  }
{ -1.2326e-32 1.15751 0.728331 1  }

