
[MeshData]

ボーン番号 : 1

ボーン名 : {  }

オフセット行列 : 
{ 0.999204 0 0.0398916 0  }
{ -0 1 0 0  }
{ -0.0398916 -0 0.999204 0  }
{ -1.02083e-15 1.85389 -1.12012 1  }

アニメーション行列 : 
フレーム番号0 : 
{ 0.938284 0 -0.345866 0  }
{ 0 1 0 0  }
{ 0.345866 0 0.938284 0  }
{ -1.0182e-15 1.85389 -1.12012 1  }

フレーム番号1 : 
{ 0.9446 0 -0.328223 0  }
{ 0 1 0 0  }
{ 0.328223 0 0.9446 0  }
{ -1.0182e-15 1.85389 -1.12012 1  }

フレーム番号2 : 
{ 0.960587 0 -0.27798 0  }
{ 0 1 0 0  }
{ 0.27798 0 0.960587 0  }
{ -1.0182e-15 1.85389 -1.12012 1  }

フレーム番号3 : 
{ 0.980027 0 -0.198862 0  }
{ 0 1 0 0  }
{ 0.198862 0 0.980027 0  }
{ -1.0182e-15 1.85389 -1.12012 1  }

フレーム番号4 : 
{ 0.995475 0 -0.0950265 0  }
{ 0 1 0 0  }
{ 0.0950265 0 0.995475 0  }
{ -1.0182e-15 1.85389 -1.12012 1  }

フレーム番号5 : 
{ 0.999604 0 0.0281565 0  }
{ 0 1 0 0  }
{ -0.0281565 0 0.999604 0  }
{ -1.0182e-15 1.85389 -1.12012 1  }

フレーム番号6 : 
{ 0.98649 0 0.163823 0  }
{ 0 1 0 0  }
{ -0.163823 0 0.98649 0  }
{ -1.0182e-15 1.85389 -1.12012 1  }

フレーム番号7 : 
{ 0.952695 0 0.303928 0  }
{ 0 1 0 0  }
{ -0.303928 0 0.952695 0  }
{ -1.0182e-15 1.85389 -1.12012 1  }

フレーム番号8 : 
{ 0.897964 0 0.44007 0  }
{ 0 1 0 0  }
{ -0.44007 0 0.897964 0  }
{ -1.0182e-15 1.85389 -1.12012 1  }

フレーム番号9 : 
{ 0.825378 0 0.56458 0  }
{ 0 1 0 0  }
{ -0.56458 0 0.825378 0  }
{ -1.0182e-15 1.85389 -1.12012 1  }

フレーム番号10 : 
{ 0.740939 0 0.671572 0  }
{ 0 1 0 0  }
{ -0.671572 0 0.740939 0  }
{ -1.0182e-15 1.85389 -1.12012 1  }

フレーム番号11 : 
{ 0.652696 0 0.75762 0  }
{ 0 1 0 0  }
{ -0.75762 0 0.652696 0  }
{ -1.0182e-15 1.85389 -1.12012 1  }

フレーム番号12 : 
{ 0.569675 0 0.82187 0  }
{ 0 1 0 0  }
{ -0.82187 0 0.569675 0  }
{ -1.0182e-15 1.85389 -1.12012 1  }

フレーム番号13 : 
{ 0.500881 0 0.865516 0  }
{ 0 1 0 0  }
{ -0.865516 0 0.500881 0  }
{ -1.0182e-15 1.85389 -1.12012 1  }

フレーム番号14 : 
{ 0.454566 0 0.890713 0  }
{ 0 1 0 0  }
{ -0.890713 0 0.454566 0  }
{ -1.0182e-15 1.85389 -1.12012 1  }

フレーム番号15 : 
{ 0.437796 0 0.899074 0  }
{ 0 1 0 0  }
{ -0.899074 0 0.437796 0  }
{ -1.0182e-15 1.85389 -1.12012 1  }

フレーム番号16 : 
{ 0.454566 0 0.890713 0  }
{ 0 1 0 0  }
{ -0.890713 0 0.454566 0  }
{ -1.0182e-15 1.85389 -1.12012 1  }

フレーム番号17 : 
{ 0.500881 0 0.865516 0  }
{ 0 1 0 0  }
{ -0.865516 0 0.500881 0  }
{ -1.0182e-15 1.85389 -1.12012 1  }

フレーム番号18 : 
{ 0.569676 0 0.82187 0  }
{ 0 1 0 0  }
{ -0.82187 0 0.569676 0  }
{ -1.0182e-15 1.85389 -1.12012 1  }

フレーム番号19 : 
{ 0.652697 0 0.757619 0  }
{ 0 1 0 0  }
{ -0.757619 0 0.652697 0  }
{ -1.0182e-15 1.85389 -1.12012 1  }

フレーム番号20 : 
{ 0.74094 0 0.671571 0  }
{ 0 1 0 0  }
{ -0.671571 0 0.74094 0  }
{ -1.0182e-15 1.85389 -1.12012 1  }

フレーム番号21 : 
{ 0.825379 0 0.564579 0  }
{ 0 1 0 0  }
{ -0.564579 0 0.825379 0  }
{ -1.0182e-15 1.85389 -1.12012 1  }

フレーム番号22 : 
{ 0.897965 0 0.440067 0  }
{ 0 1 0 0  }
{ -0.440067 0 0.897965 0  }
{ -1.0182e-15 1.85389 -1.12012 1  }

フレーム番号23 : 
{ 0.952696 0 0.303925 0  }
{ 0 1 0 0  }
{ -0.303925 0 0.952696 0  }
{ -1.0182e-15 1.85389 -1.12012 1  }

フレーム番号24 : 
{ 0.98649 0 0.163819 0  }
{ 0 1 0 0  }
{ -0.163819 0 0.98649 0  }
{ -1.0182e-15 1.85389 -1.12012 1  }

フレーム番号25 : 
{ 0.999604 0 0.028152 0  }
{ 0 1 0 0  }
{ -0.028152 0 0.999604 0  }
{ -1.0182e-15 1.85389 -1.12012 1  }

フレーム番号26 : 
{ 0.995474 0 -0.0950315 0  }
{ 0 1 0 0  }
{ 0.0950315 0 0.995474 0  }
{ -1.0182e-15 1.85389 -1.12012 1  }

フレーム番号27 : 
{ 0.980026 0 -0.198868 0  }
{ 0 1 0 0  }
{ 0.198868 0 0.980026 0  }
{ -1.0182e-15 1.85389 -1.12012 1  }

フレーム番号28 : 
{ 0.960585 0 -0.277986 0  }
{ 0 1 0 0  }
{ 0.277986 0 0.960585 0  }
{ -1.0182e-15 1.85389 -1.12012 1  }

フレーム番号29 : 
{ 0.944598 0 -0.328229 0  }
{ 0 1 0 0  }
{ 0.328229 0 0.944598 0  }
{ -1.0182e-15 1.85389 -1.12012 1  }

フレーム番号30 : 
{ 0.938282 0 -0.345871 0  }
{ 0 1 0 0  }
{ 0.345871 0 0.938282 0  }
{ -1.0182e-15 1.85389 -1.12012 1  }

