
[MeshData]

ボーン番号 : 17

ボーン名 : {  }

オフセット行列 : 
{ -0.760212 9.30991e-17 0.649675 0  }
{ 4.29025e-17 1 -9.30991e-17 0  }
{ -0.649675 -4.29025e-17 -0.760212 0  }
{ -0.775297 2.45979 1.09147 1  }

アニメーション行列 : 
フレーム番号0 : 
{ -0.760212 0 0.649675 0  }
{ 0 1 0 0  }
{ -0.649675 0 -0.760212 0  }
{ -0.775297 2.45979 1.09147 1  }

フレーム番号1 : 
{ -0.760212 0 0.649675 0  }
{ 0 1 0 0  }
{ -0.649675 0 -0.760212 0  }
{ -0.775297 2.45979 1.09147 1  }

フレーム番号2 : 
{ -0.760212 0 0.649675 0  }
{ 0 1 0 0  }
{ -0.649675 0 -0.760212 0  }
{ -0.775297 2.45979 1.09147 1  }

フレーム番号3 : 
{ -0.760212 0 0.649675 0  }
{ 0 1 0 0  }
{ -0.649675 0 -0.760212 0  }
{ -0.775297 2.45979 1.09147 1  }

フレーム番号4 : 
{ -0.760212 0 0.649675 0  }
{ 0 1 0 0  }
{ -0.649675 0 -0.760212 0  }
{ -0.775297 2.45979 1.09147 1  }

フレーム番号5 : 
{ -0.760212 0 0.649675 0  }
{ 0 1 0 0  }
{ -0.649675 0 -0.760212 0  }
{ -0.775297 2.45979 1.09147 1  }

フレーム番号6 : 
{ -0.760212 0 0.649675 0  }
{ 0 1 0 0  }
{ -0.649675 0 -0.760212 0  }
{ -0.775297 2.45979 1.09147 1  }

フレーム番号7 : 
{ -0.760212 0 0.649675 0  }
{ 0 1 0 0  }
{ -0.649675 0 -0.760212 0  }
{ -0.775297 2.45979 1.09147 1  }

フレーム番号8 : 
{ -0.760212 0 0.649675 0  }
{ 0 1 0 0  }
{ -0.649675 0 -0.760212 0  }
{ -0.775297 2.45979 1.09147 1  }

フレーム番号9 : 
{ -0.760212 0 0.649675 0  }
{ 0 1 0 0  }
{ -0.649675 0 -0.760212 0  }
{ -0.775297 2.45979 1.09147 1  }

フレーム番号10 : 
{ -0.760212 0 0.649675 0  }
{ 0 1 0 0  }
{ -0.649675 0 -0.760212 0  }
{ -0.775297 2.45979 1.09147 1  }

フレーム番号11 : 
{ -0.760212 0 0.649675 0  }
{ 0 1 0 0  }
{ -0.649675 0 -0.760212 0  }
{ -0.775297 2.45979 1.09147 1  }

フレーム番号12 : 
{ -0.760212 0 0.649675 0  }
{ 0 1 0 0  }
{ -0.649675 0 -0.760212 0  }
{ -0.775297 2.45979 1.09147 1  }

フレーム番号13 : 
{ -0.760212 0 0.649675 0  }
{ 0 1 0 0  }
{ -0.649675 0 -0.760212 0  }
{ -0.775297 2.45979 1.09147 1  }

フレーム番号14 : 
{ -0.760212 0 0.649675 0  }
{ 0 1 0 0  }
{ -0.649675 0 -0.760212 0  }
{ -0.775297 2.45979 1.09147 1  }

フレーム番号15 : 
{ -0.760212 0 0.649675 0  }
{ 0 1 0 0  }
{ -0.649675 0 -0.760212 0  }
{ -0.775297 2.45979 1.09147 1  }

フレーム番号16 : 
{ -0.760212 0 0.649675 0  }
{ 0 1 0 0  }
{ -0.649675 0 -0.760212 0  }
{ -0.775297 2.45979 1.09147 1  }

フレーム番号17 : 
{ -0.760212 0 0.649675 0  }
{ 0 1 0 0  }
{ -0.649675 0 -0.760212 0  }
{ -0.775297 2.45979 1.09147 1  }

フレーム番号18 : 
{ -0.760212 0 0.649675 0  }
{ 0 1 0 0  }
{ -0.649675 0 -0.760212 0  }
{ -0.775297 2.45979 1.09147 1  }

フレーム番号19 : 
{ -0.760212 0 0.649675 0  }
{ 0 1 0 0  }
{ -0.649675 0 -0.760212 0  }
{ -0.775297 2.45979 1.09147 1  }

フレーム番号20 : 
{ -0.760212 0 0.649675 0  }
{ 0 1 0 0  }
{ -0.649675 0 -0.760212 0  }
{ -0.775297 2.45979 1.09147 1  }

フレーム番号21 : 
{ -0.760212 0 0.649675 0  }
{ 0 1 0 0  }
{ -0.649675 0 -0.760212 0  }
{ -0.775297 2.45979 1.09147 1  }

フレーム番号22 : 
{ -0.760212 0 0.649675 0  }
{ 0 1 0 0  }
{ -0.649675 0 -0.760212 0  }
{ -0.775297 2.45979 1.09147 1  }

フレーム番号23 : 
{ -0.760212 0 0.649675 0  }
{ 0 1 0 0  }
{ -0.649675 0 -0.760212 0  }
{ -0.775297 2.45979 1.09147 1  }

フレーム番号24 : 
{ -0.760212 0 0.649675 0  }
{ 0 1 0 0  }
{ -0.649675 0 -0.760212 0  }
{ -0.775297 2.45979 1.09147 1  }

フレーム番号25 : 
{ -0.760212 0 0.649675 0  }
{ 0 1 0 0  }
{ -0.649675 0 -0.760212 0  }
{ -0.775297 2.45979 1.09147 1  }

フレーム番号26 : 
{ -0.760212 0 0.649675 0  }
{ 0 1 0 0  }
{ -0.649675 0 -0.760212 0  }
{ -0.775297 2.45979 1.09147 1  }

フレーム番号27 : 
{ -0.760212 0 0.649675 0  }
{ 0 1 0 0  }
{ -0.649675 0 -0.760212 0  }
{ -0.775297 2.45979 1.09147 1  }

フレーム番号28 : 
{ -0.760212 0 0.649675 0  }
{ 0 1 0 0  }
{ -0.649675 0 -0.760212 0  }
{ -0.775297 2.45979 1.09147 1  }

フレーム番号29 : 
{ -0.760212 0 0.649675 0  }
{ 0 1 0 0  }
{ -0.649675 0 -0.760212 0  }
{ -0.775297 2.45979 1.09147 1  }

フレーム番号30 : 
{ -0.760212 0 0.649675 0  }
{ 0 1 0 0  }
{ -0.649675 0 -0.760212 0  }
{ -0.775297 2.45979 1.09147 1  }

