
[MeshData]

ボーン番号 : 19

ボーン名 : {  }

オフセット行列 : 
{ -0.702345 8.60125e-17 0.711836 0  }
{ 2.0964e-16 1 8.60125e-17 0  }
{ -0.711836 2.0964e-16 -0.702345 0  }
{ -1.19716 2.88078 1.41686 1  }

アニメーション行列 : 
フレーム番号0 : 
{ -0.702345 6.36615e-16 0.711836 0  }
{ 5.09499e-16 1 -3.91622e-16 0  }
{ -0.711836 8.76261e-17 -0.702345 0  }
{ -1.19716 2.88078 1.41686 1  }

フレーム番号1 : 
{ -0.702345 6.36615e-16 0.711836 0  }
{ 5.09499e-16 1 -3.91622e-16 0  }
{ -0.711836 8.76261e-17 -0.702345 0  }
{ -1.19716 2.88078 1.41686 1  }

フレーム番号2 : 
{ -0.702345 6.36615e-16 0.711836 0  }
{ 5.09499e-16 1 -3.91622e-16 0  }
{ -0.711836 8.76261e-17 -0.702345 0  }
{ -1.19716 2.88078 1.41686 1  }

フレーム番号3 : 
{ -0.702345 6.36615e-16 0.711836 0  }
{ 5.09499e-16 1 -3.91622e-16 0  }
{ -0.711836 8.76261e-17 -0.702345 0  }
{ -1.19716 2.88078 1.41686 1  }

フレーム番号4 : 
{ -0.702345 6.36615e-16 0.711836 0  }
{ 5.09499e-16 1 -3.91622e-16 0  }
{ -0.711836 8.76261e-17 -0.702345 0  }
{ -1.19716 2.88078 1.41686 1  }

フレーム番号5 : 
{ -0.702345 6.36615e-16 0.711836 0  }
{ 5.09499e-16 1 -3.91622e-16 0  }
{ -0.711836 8.76261e-17 -0.702345 0  }
{ -1.19716 2.88078 1.41686 1  }

フレーム番号6 : 
{ -0.702345 6.36615e-16 0.711836 0  }
{ 5.09499e-16 1 -3.91622e-16 0  }
{ -0.711836 8.76261e-17 -0.702345 0  }
{ -1.19716 2.88078 1.41686 1  }

フレーム番号7 : 
{ -0.702345 6.36615e-16 0.711836 0  }
{ 5.09499e-16 1 -3.91622e-16 0  }
{ -0.711836 8.76261e-17 -0.702345 0  }
{ -1.19716 2.88078 1.41686 1  }

フレーム番号8 : 
{ -0.702345 6.36615e-16 0.711836 0  }
{ 5.09499e-16 1 -3.91622e-16 0  }
{ -0.711836 8.76261e-17 -0.702345 0  }
{ -1.19716 2.88078 1.41686 1  }

フレーム番号9 : 
{ -0.702345 6.36615e-16 0.711836 0  }
{ 5.09499e-16 1 -3.91622e-16 0  }
{ -0.711836 8.76261e-17 -0.702345 0  }
{ -1.19716 2.88078 1.41686 1  }

フレーム番号10 : 
{ -0.702345 6.36615e-16 0.711836 0  }
{ 5.09499e-16 1 -3.91622e-16 0  }
{ -0.711836 8.76261e-17 -0.702345 0  }
{ -1.19716 2.88078 1.41686 1  }

フレーム番号11 : 
{ -0.702345 6.36615e-16 0.711836 0  }
{ 5.09499e-16 1 -3.91622e-16 0  }
{ -0.711836 8.76261e-17 -0.702345 0  }
{ -1.19716 2.88078 1.41686 1  }

フレーム番号12 : 
{ -0.702345 6.36615e-16 0.711836 0  }
{ 5.09499e-16 1 -3.91622e-16 0  }
{ -0.711836 8.76261e-17 -0.702345 0  }
{ -1.19716 2.88078 1.41686 1  }

フレーム番号13 : 
{ -0.702345 6.36615e-16 0.711836 0  }
{ 5.09499e-16 1 -3.91622e-16 0  }
{ -0.711836 8.76261e-17 -0.702345 0  }
{ -1.19716 2.88078 1.41686 1  }

フレーム番号14 : 
{ -0.702345 6.36615e-16 0.711836 0  }
{ 5.09499e-16 1 -3.91622e-16 0  }
{ -0.711836 8.76261e-17 -0.702345 0  }
{ -1.19716 2.88078 1.41686 1  }

フレーム番号15 : 
{ -0.702345 6.36615e-16 0.711836 0  }
{ 5.09499e-16 1 -3.91622e-16 0  }
{ -0.711836 8.76261e-17 -0.702345 0  }
{ -1.19716 2.88078 1.41686 1  }

フレーム番号16 : 
{ -0.702345 6.36615e-16 0.711836 0  }
{ 5.09499e-16 1 -3.91622e-16 0  }
{ -0.711836 8.76261e-17 -0.702345 0  }
{ -1.19716 2.88078 1.41686 1  }

フレーム番号17 : 
{ -0.702345 6.36615e-16 0.711836 0  }
{ 5.09499e-16 1 -3.91622e-16 0  }
{ -0.711836 8.76261e-17 -0.702345 0  }
{ -1.19716 2.88078 1.41686 1  }

フレーム番号18 : 
{ -0.702345 6.36615e-16 0.711836 0  }
{ 5.09499e-16 1 -3.91622e-16 0  }
{ -0.711836 8.76261e-17 -0.702345 0  }
{ -1.19716 2.88078 1.41686 1  }

フレーム番号19 : 
{ -0.702345 6.36615e-16 0.711836 0  }
{ 5.09499e-16 1 -3.91622e-16 0  }
{ -0.711836 8.76261e-17 -0.702345 0  }
{ -1.19716 2.88078 1.41686 1  }

フレーム番号20 : 
{ -0.702345 6.36615e-16 0.711836 0  }
{ 5.09499e-16 1 -3.91622e-16 0  }
{ -0.711836 8.76261e-17 -0.702345 0  }
{ -1.19716 2.88078 1.41686 1  }

フレーム番号21 : 
{ -0.702345 6.36615e-16 0.711836 0  }
{ 5.09499e-16 1 -3.91622e-16 0  }
{ -0.711836 8.76261e-17 -0.702345 0  }
{ -1.19716 2.88078 1.41686 1  }

フレーム番号22 : 
{ -0.702345 6.36615e-16 0.711836 0  }
{ 5.09499e-16 1 -3.91622e-16 0  }
{ -0.711836 8.76261e-17 -0.702345 0  }
{ -1.19716 2.88078 1.41686 1  }

フレーム番号23 : 
{ -0.702345 6.36615e-16 0.711836 0  }
{ 5.09499e-16 1 -3.91622e-16 0  }
{ -0.711836 8.76261e-17 -0.702345 0  }
{ -1.19716 2.88078 1.41686 1  }

フレーム番号24 : 
{ -0.702345 6.36615e-16 0.711836 0  }
{ 5.09499e-16 1 -3.91622e-16 0  }
{ -0.711836 8.76261e-17 -0.702345 0  }
{ -1.19716 2.88078 1.41686 1  }

フレーム番号25 : 
{ -0.702345 6.36615e-16 0.711836 0  }
{ 5.09499e-16 1 -3.91622e-16 0  }
{ -0.711836 8.76261e-17 -0.702345 0  }
{ -1.19716 2.88078 1.41686 1  }

フレーム番号26 : 
{ -0.702345 6.36615e-16 0.711836 0  }
{ 5.09499e-16 1 -3.91622e-16 0  }
{ -0.711836 8.76261e-17 -0.702345 0  }
{ -1.19716 2.88078 1.41686 1  }

フレーム番号27 : 
{ -0.702345 6.36615e-16 0.711836 0  }
{ 5.09499e-16 1 -3.91622e-16 0  }
{ -0.711836 8.76261e-17 -0.702345 0  }
{ -1.19716 2.88078 1.41686 1  }

フレーム番号28 : 
{ -0.702345 6.36615e-16 0.711836 0  }
{ 5.09499e-16 1 -3.91622e-16 0  }
{ -0.711836 8.76261e-17 -0.702345 0  }
{ -1.19716 2.88078 1.41686 1  }

フレーム番号29 : 
{ -0.702345 6.36615e-16 0.711836 0  }
{ 5.09499e-16 1 -3.91622e-16 0  }
{ -0.711836 8.76261e-17 -0.702345 0  }
{ -1.19716 2.88078 1.41686 1  }

フレーム番号30 : 
{ -0.702345 6.36615e-16 0.711836 0  }
{ 5.09499e-16 1 -3.91622e-16 0  }
{ -0.711836 8.76261e-17 -0.702345 0  }
{ -1.19716 2.88078 1.41686 1  }

