
[MeshData]

ボーン番号 : 14

ボーン名 : {  }

オフセット行列 : 
{ -0.838961 1.02743e-16 0.544191 0  }
{ 5.58205e-17 1 -1.02743e-16 0  }
{ -0.544191 -5.58205e-17 -0.838961 0  }
{ -1.12708 2.56258 1.30489 1  }

アニメーション行列 : 
フレーム番号0 : 
{ -0.838961 2.16072e-32 0.544191 0  }
{ -6.16298e-32 1 -1.2326e-32 0  }
{ -0.544191 1.84889e-32 -0.838961 0  }
{ -1.12708 2.543 1.30489 1  }

フレーム番号1 : 
{ -0.838961 2.16072e-32 0.544191 0  }
{ -6.16298e-32 1 -1.2326e-32 0  }
{ -0.544191 1.84889e-32 -0.838961 0  }
{ -1.12708 2.543 1.30489 1  }

フレーム番号2 : 
{ -0.838961 2.16072e-32 0.544191 0  }
{ -6.16298e-32 1 -1.2326e-32 0  }
{ -0.544191 1.84889e-32 -0.838961 0  }
{ -1.12708 2.543 1.30489 1  }

フレーム番号3 : 
{ -0.838961 2.16072e-32 0.544191 0  }
{ -6.16298e-32 1 -1.2326e-32 0  }
{ -0.544191 1.84889e-32 -0.838961 0  }
{ -1.12708 2.543 1.30489 1  }

フレーム番号4 : 
{ -0.838961 2.16072e-32 0.544191 0  }
{ -6.16298e-32 1 -1.2326e-32 0  }
{ -0.544191 1.84889e-32 -0.838961 0  }
{ -1.12708 2.543 1.30489 1  }

フレーム番号5 : 
{ -0.838961 2.16072e-32 0.544191 0  }
{ -6.16298e-32 1 -1.2326e-32 0  }
{ -0.544191 1.84889e-32 -0.838961 0  }
{ -1.12708 2.543 1.30489 1  }

フレーム番号6 : 
{ -0.838961 2.16072e-32 0.544191 0  }
{ -6.16298e-32 1 -1.2326e-32 0  }
{ -0.544191 1.84889e-32 -0.838961 0  }
{ -1.12708 2.543 1.30489 1  }

フレーム番号7 : 
{ -0.838961 2.16072e-32 0.544191 0  }
{ -6.16298e-32 1 -1.2326e-32 0  }
{ -0.544191 1.84889e-32 -0.838961 0  }
{ -1.12708 2.543 1.30489 1  }

フレーム番号8 : 
{ -0.838961 2.16072e-32 0.544191 0  }
{ -6.16298e-32 1 -1.2326e-32 0  }
{ -0.544191 1.84889e-32 -0.838961 0  }
{ -1.12708 2.543 1.30489 1  }

フレーム番号9 : 
{ -0.838961 2.16072e-32 0.544191 0  }
{ -6.16298e-32 1 -1.2326e-32 0  }
{ -0.544191 1.84889e-32 -0.838961 0  }
{ -1.12708 2.543 1.30489 1  }

フレーム番号10 : 
{ -0.838961 2.16072e-32 0.544191 0  }
{ -6.16298e-32 1 -1.2326e-32 0  }
{ -0.544191 1.84889e-32 -0.838961 0  }
{ -1.12708 2.543 1.30489 1  }

フレーム番号11 : 
{ -0.838961 2.16072e-32 0.544191 0  }
{ -6.16298e-32 1 -1.2326e-32 0  }
{ -0.544191 1.84889e-32 -0.838961 0  }
{ -1.12708 2.543 1.30489 1  }

フレーム番号12 : 
{ -0.838961 2.16072e-32 0.544191 0  }
{ -6.16298e-32 1 -1.2326e-32 0  }
{ -0.544191 1.84889e-32 -0.838961 0  }
{ -1.12708 2.543 1.30489 1  }

フレーム番号13 : 
{ -0.838961 2.16072e-32 0.544191 0  }
{ -6.16298e-32 1 -1.2326e-32 0  }
{ -0.544191 1.84889e-32 -0.838961 0  }
{ -1.12708 2.543 1.30489 1  }

フレーム番号14 : 
{ -0.838961 2.16072e-32 0.544191 0  }
{ -6.16298e-32 1 -1.2326e-32 0  }
{ -0.544191 1.84889e-32 -0.838961 0  }
{ -1.12708 2.543 1.30489 1  }

フレーム番号15 : 
{ -0.838961 2.16072e-32 0.544191 0  }
{ -6.16298e-32 1 -1.2326e-32 0  }
{ -0.544191 1.84889e-32 -0.838961 0  }
{ -1.12708 2.543 1.30489 1  }

フレーム番号16 : 
{ -0.838961 2.16072e-32 0.544191 0  }
{ -6.16298e-32 1 -1.2326e-32 0  }
{ -0.544191 1.84889e-32 -0.838961 0  }
{ -1.12708 2.543 1.30489 1  }

フレーム番号17 : 
{ -0.838961 2.16072e-32 0.544191 0  }
{ -6.16298e-32 1 -1.2326e-32 0  }
{ -0.544191 1.84889e-32 -0.838961 0  }
{ -1.12708 2.543 1.30489 1  }

フレーム番号18 : 
{ -0.838961 2.16072e-32 0.544191 0  }
{ -6.16298e-32 1 -1.2326e-32 0  }
{ -0.544191 1.84889e-32 -0.838961 0  }
{ -1.12708 2.543 1.30489 1  }

フレーム番号19 : 
{ -0.838961 2.16072e-32 0.544191 0  }
{ -6.16298e-32 1 -1.2326e-32 0  }
{ -0.544191 1.84889e-32 -0.838961 0  }
{ -1.12708 2.543 1.30489 1  }

フレーム番号20 : 
{ -0.838961 2.16072e-32 0.544191 0  }
{ -6.16298e-32 1 -1.2326e-32 0  }
{ -0.544191 1.84889e-32 -0.838961 0  }
{ -1.12708 2.543 1.30489 1  }

フレーム番号21 : 
{ -0.838961 2.16072e-32 0.544191 0  }
{ -6.16298e-32 1 -1.2326e-32 0  }
{ -0.544191 1.84889e-32 -0.838961 0  }
{ -1.12708 2.543 1.30489 1  }

フレーム番号22 : 
{ -0.838961 2.16072e-32 0.544191 0  }
{ -6.16298e-32 1 -1.2326e-32 0  }
{ -0.544191 1.84889e-32 -0.838961 0  }
{ -1.12708 2.543 1.30489 1  }

フレーム番号23 : 
{ -0.838961 2.16072e-32 0.544191 0  }
{ -6.16298e-32 1 -1.2326e-32 0  }
{ -0.544191 1.84889e-32 -0.838961 0  }
{ -1.12708 2.543 1.30489 1  }

フレーム番号24 : 
{ -0.838961 2.16072e-32 0.544191 0  }
{ -6.16298e-32 1 -1.2326e-32 0  }
{ -0.544191 1.84889e-32 -0.838961 0  }
{ -1.12708 2.543 1.30489 1  }

フレーム番号25 : 
{ -0.838961 2.16072e-32 0.544191 0  }
{ -6.16298e-32 1 -1.2326e-32 0  }
{ -0.544191 1.84889e-32 -0.838961 0  }
{ -1.12708 2.543 1.30489 1  }

フレーム番号26 : 
{ -0.838961 2.16072e-32 0.544191 0  }
{ -6.16298e-32 1 -1.2326e-32 0  }
{ -0.544191 1.84889e-32 -0.838961 0  }
{ -1.12708 2.543 1.30489 1  }

フレーム番号27 : 
{ -0.838961 2.16072e-32 0.544191 0  }
{ -6.16298e-32 1 -1.2326e-32 0  }
{ -0.544191 1.84889e-32 -0.838961 0  }
{ -1.12708 2.543 1.30489 1  }

フレーム番号28 : 
{ -0.838961 2.16072e-32 0.544191 0  }
{ -6.16298e-32 1 -1.2326e-32 0  }
{ -0.544191 1.84889e-32 -0.838961 0  }
{ -1.12708 2.543 1.30489 1  }

フレーム番号29 : 
{ -0.838961 2.16072e-32 0.544191 0  }
{ -6.16298e-32 1 -1.2326e-32 0  }
{ -0.544191 1.84889e-32 -0.838961 0  }
{ -1.12708 2.543 1.30489 1  }

フレーム番号30 : 
{ -0.838961 2.16072e-32 0.544191 0  }
{ -6.16298e-32 1 -1.2326e-32 0  }
{ -0.544191 1.84889e-32 -0.838961 0  }
{ -1.12708 2.543 1.30489 1  }

